             rho         Re(p_n)         Im(p_n)
      0.1000E+00      0.0000E+00      0.0000E+00
      0.1035E+00      0.1879E-21     -0.1931E-24
      0.1070E+00      0.4267E-21     -0.4385E-24
      0.1105E+00      0.8213E-21     -0.8441E-24
      0.1141E+00      0.1510E-20     -0.1552E-23
      0.1176E+00      0.2712E-20     -0.2788E-23
      0.1211E+00      0.4784E-20     -0.4916E-23
      0.1246E+00      0.8302E-20     -0.8532E-23
      0.1281E+00      0.1419E-19     -0.1459E-22
      0.1316E+00      0.2392E-19     -0.2458E-22
      0.1352E+00      0.3978E-19     -0.4088E-22
      0.1387E+00      0.6533E-19     -0.6714E-22
      0.1422E+00      0.1060E-18     -0.1089E-21
      0.1457E+00      0.1700E-18     -0.1747E-21
      0.1492E+00      0.2698E-18     -0.2773E-21
      0.1527E+00      0.4238E-18     -0.4355E-21
      0.1562E+00      0.6591E-18     -0.6774E-21
      0.1598E+00      0.1016E-17     -0.1044E-20
      0.1633E+00      0.1551E-17     -0.1594E-20
      0.1668E+00      0.2349E-17     -0.2414E-20
      0.1703E+00      0.3529E-17     -0.3627E-20
      0.1738E+00      0.5261E-17     -0.5407E-20
      0.1773E+00      0.7788E-17     -0.8004E-20
      0.1809E+00      0.1145E-16     -0.1177E-19
      0.1844E+00      0.1673E-16     -0.1719E-19
      0.1879E+00      0.2430E-16     -0.2497E-19
      0.1914E+00      0.3511E-16     -0.3608E-19
      0.1949E+00      0.5051E-16     -0.5191E-19
      0.1984E+00      0.7238E-16     -0.7439E-19
      0.2020E+00      0.1034E-15     -0.1063E-18
      0.2055E+00      0.1476E-15     -0.1517E-18
      0.2090E+00      0.2107E-15     -0.2165E-18
      0.2125E+00      0.3013E-15     -0.3096E-18
      0.2160E+00      0.4327E-15     -0.4447E-18
      0.2195E+00      0.6260E-15     -0.6433E-18
      0.2230E+00      0.9153E-15     -0.9407E-18
      0.2266E+00      0.1344E-14     -0.1382E-17
      0.2301E+00      0.1909E-14     -0.1962E-17
      0.2336E+00      0.2600E-14     -0.2672E-17
      0.2371E+00      0.3489E-14     -0.3586E-17
      0.2406E+00      0.4658E-14     -0.4787E-17
      0.2441E+00      0.6201E-14     -0.6373E-17
      0.2477E+00      0.8232E-14     -0.8460E-17
      0.2512E+00      0.1090E-13     -0.1120E-16
      0.2547E+00      0.1439E-13     -0.1479E-16
      0.2582E+00      0.1894E-13     -0.1946E-16
      0.2617E+00      0.2485E-13     -0.2554E-16
      0.2652E+00      0.3252E-13     -0.3342E-16
      0.2688E+00      0.4243E-13     -0.4360E-16
      0.2723E+00      0.5521E-13     -0.5674E-16
      0.2758E+00      0.7166E-13     -0.7365E-16
      0.2793E+00      0.9280E-13     -0.9538E-16
      0.2828E+00      0.1199E-12     -0.1233E-15
      0.2863E+00      0.1548E-12     -0.1591E-15
      0.2898E+00      0.1995E-12     -0.2050E-15
      0.2934E+00      0.2569E-12     -0.2640E-15
      0.2969E+00      0.3310E-12     -0.3401E-15
      0.3004E+00      0.4270E-12     -0.4388E-15
      0.3039E+00      0.5524E-12     -0.5677E-15
      0.3074E+00      0.7182E-12     -0.7381E-15
      0.3109E+00      0.9407E-12     -0.9668E-15
      0.3145E+00      0.1246E-11     -0.1281E-14
      0.3180E+00      0.1573E-11     -0.1617E-14
      0.3215E+00      0.1998E-11     -0.2053E-14
      0.3250E+00      0.2488E-11     -0.2557E-14
      0.3285E+00      0.3078E-11     -0.3163E-14
      0.3320E+00      0.3806E-11     -0.3911E-14
      0.3355E+00      0.4707E-11     -0.4838E-14
      0.3391E+00      0.5825E-11     -0.5986E-14
      0.3426E+00      0.7207E-11     -0.7407E-14
      0.3461E+00      0.8913E-11     -0.9160E-14
      0.3496E+00      0.1101E-10     -0.1132E-13
      0.3531E+00      0.1360E-10     -0.1398E-13
      0.3566E+00      0.1678E-10     -0.1724E-13
      0.3602E+00      0.2068E-10     -0.2125E-13
      0.3637E+00      0.2548E-10     -0.2618E-13
      0.3672E+00      0.3138E-10     -0.3225E-13
      0.3707E+00      0.3867E-10     -0.3974E-13
      0.3742E+00      0.4770E-10     -0.4903E-13
      0.3777E+00      0.5899E-10     -0.6062E-13
      0.3812E+00      0.7323E-10     -0.7526E-13
      0.3848E+00      0.9148E-10     -0.9401E-13
      0.3883E+00      0.1101E-09     -0.1131E-12
      0.3918E+00      0.1335E-09     -0.1372E-12
      0.3953E+00      0.1606E-09     -0.1650E-12
      0.3988E+00      0.1927E-09     -0.1980E-12
      0.4023E+00      0.2312E-09     -0.2376E-12
      0.4059E+00      0.2776E-09     -0.2853E-12
      0.4094E+00      0.3334E-09     -0.3426E-12
      0.4129E+00      0.4003E-09     -0.4114E-12
      0.4164E+00      0.4805E-09     -0.4939E-12
      0.4199E+00      0.5766E-09     -0.5925E-12
      0.4234E+00      0.6913E-09     -0.7105E-12
      0.4270E+00      0.8283E-09     -0.8513E-12
      0.4305E+00      0.9920E-09     -0.1019E-11
      0.4340E+00      0.1188E-08     -0.1220E-11
      0.4375E+00      0.1422E-08     -0.1461E-11
      0.4410E+00      0.1704E-08     -0.1751E-11
      0.4445E+00      0.2045E-08     -0.2102E-11
      0.4480E+00      0.2408E-08     -0.2474E-11
      0.4516E+00      0.2845E-08     -0.2924E-11
      0.4551E+00      0.3352E-08     -0.3445E-11
      0.4586E+00      0.3943E-08     -0.4052E-11
      0.4621E+00      0.4635E-08     -0.4763E-11
      0.4656E+00      0.5445E-08     -0.5596E-11
      0.4691E+00      0.6392E-08     -0.6569E-11
      0.4727E+00      0.7495E-08     -0.7703E-11
      0.4762E+00      0.8779E-08     -0.9022E-11
      0.4797E+00      0.1027E-07     -0.1055E-10
      0.4832E+00      0.1199E-07     -0.1233E-10
      0.4867E+00      0.1398E-07     -0.1437E-10
      0.4902E+00      0.1628E-07     -0.1673E-10
      0.4938E+00      0.1893E-07     -0.1946E-10
      0.4973E+00      0.2198E-07     -0.2259E-10
      0.5008E+00      0.2530E-07     -0.2600E-10
      0.5043E+00      0.2911E-07     -0.2992E-10
      0.5078E+00      0.3341E-07     -0.3433E-10
      0.5113E+00      0.3824E-07     -0.3930E-10
      0.5148E+00      0.4368E-07     -0.4489E-10
      0.5184E+00      0.4977E-07     -0.5115E-10
      0.5219E+00      0.5656E-07     -0.5812E-10
      0.5254E+00      0.6409E-07     -0.6586E-10
      0.5289E+00      0.7239E-07     -0.7439E-10
      0.5324E+00      0.8146E-07     -0.8372E-10
      0.5359E+00      0.9131E-07     -0.9384E-10
      0.5395E+00      0.1019E-06     -0.1047E-09
      0.5430E+00      0.1131E-06     -0.1162E-09
      0.5465E+00      0.1247E-06     -0.1282E-09
      0.5500E+00      0.1363E-06     -0.1401E-09
      0.5535E+00      0.1478E-06     -0.1519E-09
      0.5570E+00      0.1585E-06     -0.1629E-09
      0.5605E+00      0.1678E-06     -0.1725E-09
      0.5641E+00      0.1746E-06     -0.1795E-09
      0.5676E+00      0.1777E-06     -0.1826E-09
      0.5711E+00      0.1749E-06     -0.1798E-09
      0.5746E+00      0.1639E-06     -0.1685E-09
      0.5781E+00      0.1410E-06     -0.1449E-09
      0.5816E+00      0.1014E-06     -0.1042E-09
      0.5852E+00      0.3842E-07     -0.3949E-10
      0.5887E+00      0.5685E-07     -0.5843E-10
      0.5922E+00      0.1979E-06     -0.2033E-09
      0.5957E+00      0.3993E-06     -0.4104E-09
      0.5992E+00      0.6839E-06     -0.7028E-09
      0.6027E+00      0.1082E-05     -0.1112E-08
      0.6062E+00      0.1635E-05     -0.1680E-08
      0.6098E+00      0.2399E-05     -0.2466E-08
      0.6133E+00      0.3451E-05     -0.3547E-08
      0.6168E+00      0.4897E-05     -0.5033E-08
      0.6203E+00      0.6879E-05     -0.7070E-08
      0.6238E+00      0.9595E-05     -0.9861E-08
      0.6273E+00      0.1331E-04     -0.1368E-07
      0.6309E+00      0.1840E-04     -0.1891E-07
      0.6344E+00      0.2537E-04     -0.2607E-07
      0.6379E+00      0.3488E-04     -0.3584E-07
      0.6414E+00      0.4785E-04     -0.4918E-07
      0.6449E+00      0.6555E-04     -0.6737E-07
      0.6484E+00      0.8966E-04     -0.9215E-07
      0.6520E+00      0.1225E-03     -0.1259E-06
      0.6555E+00      0.1671E-03     -0.1717E-06
      0.6590E+00      0.2277E-03     -0.2340E-06
      0.6625E+00      0.3099E-03     -0.3185E-06
      0.6660E+00      0.4213E-03     -0.4330E-06
      0.6695E+00      0.5723E-03     -0.5881E-06
      0.6730E+00      0.7763E-03     -0.7978E-06
      0.6766E+00      0.1052E-02     -0.1081E-05
      0.6801E+00      0.1423E-02     -0.1462E-05
      0.6836E+00      0.1921E-02     -0.1974E-05
      0.6871E+00      0.2588E-02     -0.2660E-05
      0.6906E+00      0.3477E-02     -0.3573E-05
      0.6941E+00      0.4657E-02     -0.4786E-05
      0.6977E+00      0.6218E-02     -0.6390E-05
      0.7012E+00      0.8271E-02     -0.8500E-05
      0.7047E+00      0.1096E-01     -0.1126E-04
      0.7082E+00      0.1447E-01     -0.1487E-04
      0.7117E+00      0.1901E-01     -0.1954E-04
      0.7152E+00      0.2487E-01     -0.2556E-04
      0.7188E+00      0.3238E-01     -0.3328E-04
      0.7223E+00      0.4193E-01     -0.4309E-04
      0.7258E+00      0.5397E-01     -0.5546E-04
      0.7293E+00      0.6902E-01     -0.7093E-04
      0.7328E+00      0.8765E-01     -0.9008E-04
      0.7363E+00      0.1105E+00     -0.1135E-03
      0.7398E+00      0.1381E+00     -0.1420E-03
      0.7434E+00      0.1712E+00     -0.1759E-03
      0.7469E+00      0.2103E+00     -0.2161E-03
      0.7504E+00      0.2558E+00     -0.2629E-03
      0.7539E+00      0.3080E+00     -0.3165E-03
      0.7574E+00      0.3668E+00     -0.3769E-03
      0.7609E+00      0.4317E+00     -0.4437E-03
      0.7645E+00      0.5019E+00     -0.5158E-03
      0.7680E+00      0.5760E+00     -0.5919E-03
      0.7715E+00      0.6518E+00     -0.6699E-03
      0.7750E+00      0.7270E+00     -0.7472E-03
      0.7785E+00      0.7987E+00     -0.8209E-03
      0.7820E+00      0.8638E+00     -0.8877E-03
      0.7855E+00      0.9191E+00     -0.9446E-03
      0.7891E+00      0.9617E+00     -0.9884E-03
      0.7926E+00      0.9893E+00     -0.1017E-02
      0.7961E+00      0.1000E+01     -0.1028E-02
      0.7996E+00      0.9932E+00     -0.1021E-02
      0.8031E+00      0.9690E+00     -0.9958E-03
      0.8066E+00      0.9287E+00     -0.9544E-03
      0.8102E+00      0.8744E+00     -0.8986E-03
      0.8137E+00      0.8089E+00     -0.8313E-03
      0.8172E+00      0.7354E+00     -0.7558E-03
      0.8207E+00      0.6573E+00     -0.6756E-03
      0.8242E+00      0.5778E+00     -0.5939E-03
      0.8277E+00      0.4997E+00     -0.5136E-03
      0.8313E+00      0.4254E+00     -0.4372E-03
      0.8348E+00      0.3565E+00     -0.3663E-03
      0.8383E+00      0.2942E+00     -0.3023E-03
      0.8418E+00      0.2392E+00     -0.2458E-03
      0.8453E+00      0.1916E+00     -0.1969E-03
      0.8488E+00      0.1512E+00     -0.1554E-03
      0.8523E+00      0.1176E+00     -0.1209E-03
      0.8559E+00      0.9016E-01     -0.9266E-04
      0.8594E+00      0.6805E-01     -0.6994E-04
      0.8629E+00      0.5055E-01     -0.5195E-04
      0.8664E+00      0.3691E-01     -0.3793E-04
      0.8699E+00      0.2645E-01     -0.2718E-04
      0.8734E+00      0.1855E-01     -0.1906E-04
      0.8770E+00      0.1269E-01     -0.1304E-04
      0.8805E+00      0.8411E-02     -0.8644E-05
      0.8840E+00      0.5349E-02     -0.5497E-05
      0.8875E+00      0.3203E-02     -0.3292E-05
      0.8910E+00      0.1736E-02     -0.1784E-05
      0.8945E+00      0.7624E-03     -0.7835E-06
      0.8980E+00      0.1410E-03     -0.1450E-06
      0.9016E+00      0.2342E-03     -0.2407E-06
      0.9051E+00      0.4417E-03     -0.4539E-06
      0.9086E+00      0.5383E-03     -0.5532E-06
      0.9121E+00      0.5643E-03     -0.5799E-06
      0.9156E+00      0.5477E-03     -0.5629E-06
      0.9191E+00      0.5076E-03     -0.5216E-06
      0.9227E+00      0.4563E-03     -0.4690E-06
      0.9262E+00      0.4020E-03     -0.4131E-06
      0.9297E+00      0.3491E-03     -0.3588E-06
      0.9332E+00      0.3003E-03     -0.3086E-06
      0.9367E+00      0.2566E-03     -0.2637E-06
      0.9402E+00      0.2184E-03     -0.2244E-06
      0.9437E+00      0.1853E-03     -0.1905E-06
      0.9473E+00      0.1570E-03     -0.1614E-06
      0.9508E+00      0.1329E-03     -0.1366E-06
      0.9543E+00      0.1125E-03     -0.1156E-06
      0.9578E+00      0.9505E-04     -0.9768E-07
      0.9613E+00      0.8020E-04     -0.8243E-07
      0.9648E+00      0.6750E-04     -0.6937E-07
      0.9684E+00      0.5657E-04     -0.5813E-07
      0.9719E+00      0.4710E-04     -0.4840E-07
      0.9754E+00      0.3883E-04     -0.3991E-07
      0.9789E+00      0.3156E-04     -0.3243E-07
      0.9824E+00      0.2509E-04     -0.2578E-07
      0.9859E+00      0.1928E-04     -0.1981E-07
      0.9895E+00      0.1398E-04     -0.1437E-07
      0.9930E+00      0.9087E-05     -0.9338E-08
      0.9965E+00      0.4468E-05     -0.4591E-08
      0.1000E+01      0.0000E+00      0.0000E+00
