             rho            U_eq          phi_eq               q            j_eq            p_eq
      0.1000E+00      0.0000E+00      0.0000E+00      0.2020E+01      0.9801E+00      0.3317E-01
      0.1009E+00      0.0000E+00      0.0000E+00      0.2020E+01      0.9797E+00      0.3316E-01
      0.1018E+00      0.0000E+00      0.0000E+00      0.2021E+01      0.9794E+00      0.3316E-01
      0.1026E+00      0.0000E+00      0.0000E+00      0.2021E+01      0.9790E+00      0.3316E-01
      0.1035E+00      0.0000E+00      0.0000E+00      0.2021E+01      0.9787E+00      0.3315E-01
      0.1044E+00      0.0000E+00      0.0000E+00      0.2022E+01      0.9783E+00      0.3315E-01
      0.1053E+00      0.0000E+00      0.0000E+00      0.2022E+01      0.9779E+00      0.3315E-01
      0.1062E+00      0.0000E+00      0.0000E+00      0.2023E+01      0.9776E+00      0.3315E-01
      0.1070E+00      0.0000E+00      0.0000E+00      0.2023E+01      0.9772E+00      0.3314E-01
      0.1079E+00      0.0000E+00      0.0000E+00      0.2023E+01      0.9768E+00      0.3314E-01
      0.1088E+00      0.0000E+00      0.0000E+00      0.2024E+01      0.9765E+00      0.3314E-01
      0.1097E+00      0.0000E+00      0.0000E+00      0.2024E+01      0.9761E+00      0.3313E-01
      0.1105E+00      0.0000E+00      0.0000E+00      0.2024E+01      0.9757E+00      0.3313E-01
      0.1114E+00      0.0000E+00      0.0000E+00      0.2025E+01      0.9753E+00      0.3313E-01
      0.1123E+00      0.0000E+00      0.0000E+00      0.2025E+01      0.9749E+00      0.3312E-01
      0.1132E+00      0.0000E+00      0.0000E+00      0.2026E+01      0.9746E+00      0.3312E-01
      0.1141E+00      0.0000E+00      0.0000E+00      0.2026E+01      0.9742E+00      0.3312E-01
      0.1149E+00      0.0000E+00      0.0000E+00      0.2026E+01      0.9738E+00      0.3311E-01
      0.1158E+00      0.0000E+00      0.0000E+00      0.2027E+01      0.9734E+00      0.3311E-01
      0.1167E+00      0.0000E+00      0.0000E+00      0.2027E+01      0.9730E+00      0.3311E-01
      0.1176E+00      0.0000E+00      0.0000E+00      0.2028E+01      0.9726E+00      0.3310E-01
      0.1185E+00      0.0000E+00      0.0000E+00      0.2028E+01      0.9722E+00      0.3310E-01
      0.1193E+00      0.0000E+00      0.0000E+00      0.2028E+01      0.9718E+00      0.3310E-01
      0.1202E+00      0.0000E+00      0.0000E+00      0.2029E+01      0.9713E+00      0.3309E-01
      0.1211E+00      0.0000E+00      0.0000E+00      0.2029E+01      0.9709E+00      0.3309E-01
      0.1220E+00      0.0000E+00      0.0000E+00      0.2030E+01      0.9705E+00      0.3309E-01
      0.1229E+00      0.0000E+00      0.0000E+00      0.2030E+01      0.9701E+00      0.3308E-01
      0.1237E+00      0.0000E+00      0.0000E+00      0.2031E+01      0.9697E+00      0.3308E-01
      0.1246E+00      0.0000E+00      0.0000E+00      0.2031E+01      0.9692E+00      0.3307E-01
      0.1255E+00      0.0000E+00      0.0000E+00      0.2031E+01      0.9688E+00      0.3307E-01
      0.1264E+00      0.0000E+00      0.0000E+00      0.2032E+01      0.9684E+00      0.3307E-01
      0.1272E+00      0.0000E+00      0.0000E+00      0.2032E+01      0.9680E+00      0.3306E-01
      0.1281E+00      0.0000E+00      0.0000E+00      0.2033E+01      0.9675E+00      0.3306E-01
      0.1290E+00      0.0000E+00      0.0000E+00      0.2033E+01      0.9671E+00      0.3306E-01
      0.1299E+00      0.0000E+00      0.0000E+00      0.2034E+01      0.9666E+00      0.3305E-01
      0.1308E+00      0.0000E+00      0.0000E+00      0.2034E+01      0.9662E+00      0.3305E-01
      0.1316E+00      0.0000E+00      0.0000E+00      0.2035E+01      0.9657E+00      0.3304E-01
      0.1325E+00      0.0000E+00      0.0000E+00      0.2035E+01      0.9653E+00      0.3304E-01
      0.1334E+00      0.0000E+00      0.0000E+00      0.2036E+01      0.9648E+00      0.3304E-01
      0.1343E+00      0.0000E+00      0.0000E+00      0.2036E+01      0.9644E+00      0.3303E-01
      0.1352E+00      0.0000E+00      0.0000E+00      0.2037E+01      0.9639E+00      0.3303E-01
      0.1360E+00      0.0000E+00      0.0000E+00      0.2037E+01      0.9635E+00      0.3302E-01
      0.1369E+00      0.0000E+00      0.0000E+00      0.2037E+01      0.9630E+00      0.3302E-01
      0.1378E+00      0.0000E+00      0.0000E+00      0.2038E+01      0.9626E+00      0.3302E-01
      0.1387E+00      0.0000E+00      0.0000E+00      0.2038E+01      0.9621E+00      0.3301E-01
      0.1396E+00      0.0000E+00      0.0000E+00      0.2039E+01      0.9616E+00      0.3301E-01
      0.1404E+00      0.0000E+00      0.0000E+00      0.2039E+01      0.9611E+00      0.3300E-01
      0.1413E+00      0.0000E+00      0.0000E+00      0.2040E+01      0.9607E+00      0.3300E-01
      0.1422E+00      0.0000E+00      0.0000E+00      0.2040E+01      0.9602E+00      0.3300E-01
      0.1431E+00      0.0000E+00      0.0000E+00      0.2041E+01      0.9597E+00      0.3299E-01
      0.1439E+00      0.0000E+00      0.0000E+00      0.2041E+01      0.9592E+00      0.3299E-01
      0.1448E+00      0.0000E+00      0.0000E+00      0.2042E+01      0.9587E+00      0.3298E-01
      0.1457E+00      0.0000E+00      0.0000E+00      0.2042E+01      0.9582E+00      0.3298E-01
      0.1466E+00      0.0000E+00      0.0000E+00      0.2043E+01      0.9578E+00      0.3298E-01
      0.1475E+00      0.0000E+00      0.0000E+00      0.2043E+01      0.9573E+00      0.3297E-01
      0.1483E+00      0.0000E+00      0.0000E+00      0.2044E+01      0.9568E+00      0.3297E-01
      0.1492E+00      0.0000E+00      0.0000E+00      0.2045E+01      0.9563E+00      0.3296E-01
      0.1501E+00      0.0000E+00      0.0000E+00      0.2045E+01      0.9558E+00      0.3296E-01
      0.1510E+00      0.0000E+00      0.0000E+00      0.2046E+01      0.9553E+00      0.3295E-01
      0.1519E+00      0.0000E+00      0.0000E+00      0.2046E+01      0.9548E+00      0.3295E-01
      0.1527E+00      0.0000E+00      0.0000E+00      0.2047E+01      0.9542E+00      0.3294E-01
      0.1536E+00      0.0000E+00      0.0000E+00      0.2047E+01      0.9537E+00      0.3294E-01
      0.1545E+00      0.0000E+00      0.0000E+00      0.2048E+01      0.9532E+00      0.3294E-01
      0.1554E+00      0.0000E+00      0.0000E+00      0.2048E+01      0.9527E+00      0.3293E-01
      0.1562E+00      0.0000E+00      0.0000E+00      0.2049E+01      0.9522E+00      0.3293E-01
      0.1571E+00      0.0000E+00      0.0000E+00      0.2049E+01      0.9517E+00      0.3292E-01
      0.1580E+00      0.0000E+00      0.0000E+00      0.2050E+01      0.9511E+00      0.3292E-01
      0.1589E+00      0.0000E+00      0.0000E+00      0.2050E+01      0.9506E+00      0.3291E-01
      0.1598E+00      0.0000E+00      0.0000E+00      0.2051E+01      0.9501E+00      0.3291E-01
      0.1606E+00      0.0000E+00      0.0000E+00      0.2052E+01      0.9496E+00      0.3290E-01
      0.1615E+00      0.0000E+00      0.0000E+00      0.2052E+01      0.9490E+00      0.3290E-01
      0.1624E+00      0.0000E+00      0.0000E+00      0.2053E+01      0.9485E+00      0.3289E-01
      0.1633E+00      0.0000E+00      0.0000E+00      0.2053E+01      0.9480E+00      0.3289E-01
      0.1642E+00      0.0000E+00      0.0000E+00      0.2054E+01      0.9474E+00      0.3288E-01
      0.1650E+00      0.0000E+00      0.0000E+00      0.2054E+01      0.9469E+00      0.3288E-01
      0.1659E+00      0.0000E+00      0.0000E+00      0.2055E+01      0.9463E+00      0.3287E-01
      0.1668E+00      0.0000E+00      0.0000E+00      0.2056E+01      0.9458E+00      0.3287E-01
      0.1677E+00      0.0000E+00      0.0000E+00      0.2056E+01      0.9452E+00      0.3286E-01
      0.1686E+00      0.0000E+00      0.0000E+00      0.2057E+01      0.9447E+00      0.3286E-01
      0.1694E+00      0.0000E+00      0.0000E+00      0.2057E+01      0.9441E+00      0.3285E-01
      0.1703E+00      0.0000E+00      0.0000E+00      0.2058E+01      0.9436E+00      0.3285E-01
      0.1712E+00      0.0000E+00      0.0000E+00      0.2059E+01      0.9430E+00      0.3284E-01
      0.1721E+00      0.0000E+00      0.0000E+00      0.2059E+01      0.9424E+00      0.3284E-01
      0.1729E+00      0.0000E+00      0.0000E+00      0.2060E+01      0.9419E+00      0.3283E-01
      0.1738E+00      0.0000E+00      0.0000E+00      0.2060E+01      0.9413E+00      0.3283E-01
      0.1747E+00      0.0000E+00      0.0000E+00      0.2061E+01      0.9407E+00      0.3282E-01
      0.1756E+00      0.0000E+00      0.0000E+00      0.2062E+01      0.9402E+00      0.3282E-01
      0.1765E+00      0.0000E+00      0.0000E+00      0.2062E+01      0.9396E+00      0.3281E-01
      0.1773E+00      0.0000E+00      0.0000E+00      0.2063E+01      0.9390E+00      0.3281E-01
      0.1782E+00      0.0000E+00      0.0000E+00      0.2064E+01      0.9384E+00      0.3280E-01
      0.1791E+00      0.0000E+00      0.0000E+00      0.2064E+01      0.9378E+00      0.3280E-01
      0.1800E+00      0.0000E+00      0.0000E+00      0.2065E+01      0.9373E+00      0.3279E-01
      0.1809E+00      0.0000E+00      0.0000E+00      0.2065E+01      0.9367E+00      0.3279E-01
      0.1817E+00      0.0000E+00      0.0000E+00      0.2066E+01      0.9361E+00      0.3278E-01
      0.1826E+00      0.0000E+00      0.0000E+00      0.2067E+01      0.9355E+00      0.3278E-01
      0.1835E+00      0.0000E+00      0.0000E+00      0.2067E+01      0.9349E+00      0.3277E-01
      0.1844E+00      0.0000E+00      0.0000E+00      0.2068E+01      0.9343E+00      0.3277E-01
      0.1853E+00      0.0000E+00      0.0000E+00      0.2069E+01      0.9337E+00      0.3276E-01
      0.1861E+00      0.0000E+00      0.0000E+00      0.2069E+01      0.9331E+00      0.3276E-01
      0.1870E+00      0.0000E+00      0.0000E+00      0.2070E+01      0.9325E+00      0.3275E-01
      0.1879E+00      0.0000E+00      0.0000E+00      0.2071E+01      0.9319E+00      0.3274E-01
      0.1888E+00      0.0000E+00      0.0000E+00      0.2071E+01      0.9313E+00      0.3274E-01
      0.1896E+00      0.0000E+00      0.0000E+00      0.2072E+01      0.9307E+00      0.3273E-01
      0.1905E+00      0.0000E+00      0.0000E+00      0.2073E+01      0.9301E+00      0.3273E-01
      0.1914E+00      0.0000E+00      0.0000E+00      0.2073E+01      0.9295E+00      0.3272E-01
      0.1923E+00      0.0000E+00      0.0000E+00      0.2074E+01      0.9289E+00      0.3272E-01
      0.1932E+00      0.0000E+00      0.0000E+00      0.2075E+01      0.9282E+00      0.3271E-01
      0.1940E+00      0.0000E+00      0.0000E+00      0.2075E+01      0.9276E+00      0.3271E-01
      0.1949E+00      0.0000E+00      0.0000E+00      0.2076E+01      0.9270E+00      0.3270E-01
      0.1958E+00      0.0000E+00      0.0000E+00      0.2077E+01      0.9264E+00      0.3269E-01
      0.1967E+00      0.0000E+00      0.0000E+00      0.2077E+01      0.9257E+00      0.3269E-01
      0.1976E+00      0.0000E+00      0.0000E+00      0.2078E+01      0.9251E+00      0.3268E-01
      0.1984E+00      0.0000E+00      0.0000E+00      0.2079E+01      0.9245E+00      0.3268E-01
      0.1993E+00      0.0000E+00      0.0000E+00      0.2079E+01      0.9239E+00      0.3267E-01
      0.2002E+00      0.0000E+00      0.0000E+00      0.2080E+01      0.9232E+00      0.3267E-01
      0.2011E+00      0.0000E+00      0.0000E+00      0.2081E+01      0.9226E+00      0.3266E-01
      0.2020E+00      0.0000E+00      0.0000E+00      0.2082E+01      0.9219E+00      0.3265E-01
      0.2028E+00      0.0000E+00      0.0000E+00      0.2082E+01      0.9213E+00      0.3265E-01
      0.2037E+00      0.0000E+00      0.0000E+00      0.2083E+01      0.9207E+00      0.3264E-01
      0.2046E+00      0.0000E+00      0.0000E+00      0.2084E+01      0.9200E+00      0.3264E-01
      0.2055E+00      0.0000E+00      0.0000E+00      0.2084E+01      0.9194E+00      0.3263E-01
      0.2063E+00      0.0000E+00      0.0000E+00      0.2085E+01      0.9187E+00      0.3262E-01
      0.2072E+00      0.0000E+00      0.0000E+00      0.2086E+01      0.9181E+00      0.3262E-01
      0.2081E+00      0.0000E+00      0.0000E+00      0.2087E+01      0.9174E+00      0.3261E-01
      0.2090E+00      0.0000E+00      0.0000E+00      0.2087E+01      0.9168E+00      0.3261E-01
      0.2099E+00      0.0000E+00      0.0000E+00      0.2088E+01      0.9161E+00      0.3260E-01
      0.2107E+00      0.0000E+00      0.0000E+00      0.2089E+01      0.9154E+00      0.3259E-01
      0.2116E+00      0.0000E+00      0.0000E+00      0.2090E+01      0.9148E+00      0.3259E-01
      0.2125E+00      0.0000E+00      0.0000E+00      0.2090E+01      0.9141E+00      0.3258E-01
      0.2134E+00      0.0000E+00      0.0000E+00      0.2091E+01      0.9134E+00      0.3257E-01
      0.2143E+00      0.0000E+00      0.0000E+00      0.2092E+01      0.9128E+00      0.3257E-01
      0.2151E+00      0.0000E+00      0.0000E+00      0.2093E+01      0.9121E+00      0.3256E-01
      0.2160E+00      0.0000E+00      0.0000E+00      0.2093E+01      0.9114E+00      0.3256E-01
      0.2169E+00      0.0000E+00      0.0000E+00      0.2094E+01      0.9108E+00      0.3255E-01
      0.2178E+00      0.0000E+00      0.0000E+00      0.2095E+01      0.9101E+00      0.3254E-01
      0.2187E+00      0.0000E+00      0.0000E+00      0.2096E+01      0.9094E+00      0.3254E-01
      0.2195E+00      0.0000E+00      0.0000E+00      0.2096E+01      0.9087E+00      0.3253E-01
      0.2204E+00      0.0000E+00      0.0000E+00      0.2097E+01      0.9080E+00      0.3252E-01
      0.2213E+00      0.0000E+00      0.0000E+00      0.2098E+01      0.9074E+00      0.3252E-01
      0.2222E+00      0.0000E+00      0.0000E+00      0.2099E+01      0.9067E+00      0.3251E-01
      0.2230E+00      0.0000E+00      0.0000E+00      0.2099E+01      0.9060E+00      0.3250E-01
      0.2239E+00      0.0000E+00      0.0000E+00      0.2100E+01      0.9053E+00      0.3250E-01
      0.2248E+00      0.0000E+00      0.0000E+00      0.2101E+01      0.9046E+00      0.3249E-01
      0.2257E+00      0.0000E+00      0.0000E+00      0.2102E+01      0.9039E+00      0.3248E-01
      0.2266E+00      0.0000E+00      0.0000E+00      0.2103E+01      0.9032E+00      0.3248E-01
      0.2274E+00      0.0000E+00      0.0000E+00      0.2103E+01      0.9025E+00      0.3247E-01
      0.2283E+00      0.0000E+00      0.0000E+00      0.2104E+01      0.9018E+00      0.3246E-01
      0.2292E+00      0.0000E+00      0.0000E+00      0.2105E+01      0.9011E+00      0.3246E-01
      0.2301E+00      0.0000E+00      0.0000E+00      0.2106E+01      0.9004E+00      0.3245E-01
      0.2310E+00      0.0000E+00      0.0000E+00      0.2107E+01      0.8997E+00      0.3244E-01
      0.2318E+00      0.0000E+00      0.0000E+00      0.2107E+01      0.8990E+00      0.3244E-01
      0.2327E+00      0.0000E+00      0.0000E+00      0.2108E+01      0.8983E+00      0.3243E-01
      0.2336E+00      0.0000E+00      0.0000E+00      0.2109E+01      0.8976E+00      0.3242E-01
      0.2345E+00      0.0000E+00      0.0000E+00      0.2110E+01      0.8969E+00      0.3242E-01
      0.2354E+00      0.0000E+00      0.0000E+00      0.2111E+01      0.8962E+00      0.3241E-01
      0.2362E+00      0.0000E+00      0.0000E+00      0.2112E+01      0.8955E+00      0.3240E-01
      0.2371E+00      0.0000E+00      0.0000E+00      0.2112E+01      0.8947E+00      0.3240E-01
      0.2380E+00      0.0000E+00      0.0000E+00      0.2113E+01      0.8940E+00      0.3239E-01
      0.2389E+00      0.0000E+00      0.0000E+00      0.2114E+01      0.8933E+00      0.3238E-01
      0.2397E+00      0.0000E+00      0.0000E+00      0.2115E+01      0.8926E+00      0.3238E-01
      0.2406E+00      0.0000E+00      0.0000E+00      0.2116E+01      0.8919E+00      0.3237E-01
      0.2415E+00      0.0000E+00      0.0000E+00      0.2117E+01      0.8911E+00      0.3236E-01
      0.2424E+00      0.0000E+00      0.0000E+00      0.2117E+01      0.8904E+00      0.3235E-01
      0.2433E+00      0.0000E+00      0.0000E+00      0.2118E+01      0.8897E+00      0.3235E-01
      0.2441E+00      0.0000E+00      0.0000E+00      0.2119E+01      0.8889E+00      0.3234E-01
      0.2450E+00      0.0000E+00      0.0000E+00      0.2120E+01      0.8882E+00      0.3233E-01
      0.2459E+00      0.0000E+00      0.0000E+00      0.2121E+01      0.8875E+00      0.3233E-01
      0.2468E+00      0.0000E+00      0.0000E+00      0.2122E+01      0.8867E+00      0.3232E-01
      0.2477E+00      0.0000E+00      0.0000E+00      0.2123E+01      0.8860E+00      0.3231E-01
      0.2485E+00      0.0000E+00      0.0000E+00      0.2124E+01      0.8853E+00      0.3230E-01
      0.2494E+00      0.0000E+00      0.0000E+00      0.2124E+01      0.8845E+00      0.3230E-01
      0.2503E+00      0.0000E+00      0.0000E+00      0.2125E+01      0.8838E+00      0.3229E-01
      0.2512E+00      0.0000E+00      0.0000E+00      0.2126E+01      0.8830E+00      0.3228E-01
      0.2521E+00      0.0000E+00      0.0000E+00      0.2127E+01      0.8823E+00      0.3227E-01
      0.2529E+00      0.0000E+00      0.0000E+00      0.2128E+01      0.8815E+00      0.3227E-01
      0.2538E+00      0.0000E+00      0.0000E+00      0.2129E+01      0.8808E+00      0.3226E-01
      0.2547E+00      0.0000E+00      0.0000E+00      0.2130E+01      0.8800E+00      0.3225E-01
      0.2556E+00      0.0000E+00      0.0000E+00      0.2131E+01      0.8793E+00      0.3224E-01
      0.2564E+00      0.0000E+00      0.0000E+00      0.2132E+01      0.8785E+00      0.3224E-01
      0.2573E+00      0.0000E+00      0.0000E+00      0.2132E+01      0.8778E+00      0.3223E-01
      0.2582E+00      0.0000E+00      0.0000E+00      0.2133E+01      0.8770E+00      0.3222E-01
      0.2591E+00      0.0000E+00      0.0000E+00      0.2134E+01      0.8763E+00      0.3221E-01
      0.2600E+00      0.0000E+00      0.0000E+00      0.2135E+01      0.8755E+00      0.3221E-01
      0.2608E+00      0.0000E+00      0.0000E+00      0.2136E+01      0.8747E+00      0.3220E-01
      0.2617E+00      0.0000E+00      0.0000E+00      0.2137E+01      0.8740E+00      0.3219E-01
      0.2626E+00      0.0000E+00      0.0000E+00      0.2138E+01      0.8732E+00      0.3218E-01
      0.2635E+00      0.0000E+00      0.0000E+00      0.2139E+01      0.8724E+00      0.3218E-01
      0.2644E+00      0.0000E+00      0.0000E+00      0.2140E+01      0.8717E+00      0.3217E-01
      0.2652E+00      0.0000E+00      0.0000E+00      0.2141E+01      0.8709E+00      0.3216E-01
      0.2661E+00      0.0000E+00      0.0000E+00      0.2142E+01      0.8701E+00      0.3215E-01
      0.2670E+00      0.0000E+00      0.0000E+00      0.2143E+01      0.8694E+00      0.3215E-01
      0.2679E+00      0.0000E+00      0.0000E+00      0.2144E+01      0.8686E+00      0.3214E-01
      0.2688E+00      0.0000E+00      0.0000E+00      0.2144E+01      0.8678E+00      0.3213E-01
      0.2696E+00      0.0000E+00      0.0000E+00      0.2145E+01      0.8670E+00      0.3212E-01
      0.2705E+00      0.0000E+00      0.0000E+00      0.2146E+01      0.8662E+00      0.3211E-01
      0.2714E+00      0.0000E+00      0.0000E+00      0.2147E+01      0.8655E+00      0.3211E-01
      0.2723E+00      0.0000E+00      0.0000E+00      0.2148E+01      0.8647E+00      0.3210E-01
      0.2731E+00      0.0000E+00      0.0000E+00      0.2149E+01      0.8639E+00      0.3209E-01
      0.2740E+00      0.0000E+00      0.0000E+00      0.2150E+01      0.8631E+00      0.3208E-01
      0.2749E+00      0.0000E+00      0.0000E+00      0.2151E+01      0.8623E+00      0.3207E-01
      0.2758E+00      0.0000E+00      0.0000E+00      0.2152E+01      0.8615E+00      0.3207E-01
      0.2767E+00      0.0000E+00      0.0000E+00      0.2153E+01      0.8607E+00      0.3206E-01
      0.2775E+00      0.0000E+00      0.0000E+00      0.2154E+01      0.8600E+00      0.3205E-01
      0.2784E+00      0.0000E+00      0.0000E+00      0.2155E+01      0.8592E+00      0.3204E-01
      0.2793E+00      0.0000E+00      0.0000E+00      0.2156E+01      0.8584E+00      0.3203E-01
      0.2802E+00      0.0000E+00      0.0000E+00      0.2157E+01      0.8576E+00      0.3203E-01
      0.2811E+00      0.0000E+00      0.0000E+00      0.2158E+01      0.8568E+00      0.3202E-01
      0.2819E+00      0.0000E+00      0.0000E+00      0.2159E+01      0.8560E+00      0.3201E-01
      0.2828E+00      0.0000E+00      0.0000E+00      0.2160E+01      0.8552E+00      0.3200E-01
      0.2837E+00      0.0000E+00      0.0000E+00      0.2161E+01      0.8544E+00      0.3199E-01
      0.2846E+00      0.0000E+00      0.0000E+00      0.2162E+01      0.8536E+00      0.3198E-01
      0.2854E+00      0.0000E+00      0.0000E+00      0.2163E+01      0.8528E+00      0.3198E-01
      0.2863E+00      0.0000E+00      0.0000E+00      0.2164E+01      0.8520E+00      0.3197E-01
      0.2872E+00      0.0000E+00      0.0000E+00      0.2165E+01      0.8512E+00      0.3196E-01
      0.2881E+00      0.0000E+00      0.0000E+00      0.2166E+01      0.8504E+00      0.3195E-01
      0.2890E+00      0.0000E+00      0.0000E+00      0.2167E+01      0.8496E+00      0.3194E-01
      0.2898E+00      0.0000E+00      0.0000E+00      0.2168E+01      0.8487E+00      0.3193E-01
      0.2907E+00      0.0000E+00      0.0000E+00      0.2169E+01      0.8479E+00      0.3192E-01
      0.2916E+00      0.0000E+00      0.0000E+00      0.2170E+01      0.8471E+00      0.3192E-01
      0.2925E+00      0.0000E+00      0.0000E+00      0.2171E+01      0.8463E+00      0.3191E-01
      0.2934E+00      0.0000E+00      0.0000E+00      0.2172E+01      0.8455E+00      0.3190E-01
      0.2942E+00      0.0000E+00      0.0000E+00      0.2173E+01      0.8447E+00      0.3189E-01
      0.2951E+00      0.0000E+00      0.0000E+00      0.2174E+01      0.8439E+00      0.3188E-01
      0.2960E+00      0.0000E+00      0.0000E+00      0.2175E+01      0.8430E+00      0.3187E-01
      0.2969E+00      0.0000E+00      0.0000E+00      0.2176E+01      0.8422E+00      0.3186E-01
      0.2978E+00      0.0000E+00      0.0000E+00      0.2177E+01      0.8414E+00      0.3186E-01
      0.2986E+00      0.0000E+00      0.0000E+00      0.2178E+01      0.8406E+00      0.3185E-01
      0.2995E+00      0.0000E+00      0.0000E+00      0.2179E+01      0.8398E+00      0.3184E-01
      0.3004E+00      0.0000E+00      0.0000E+00      0.2180E+01      0.8389E+00      0.3183E-01
      0.3013E+00      0.0000E+00      0.0000E+00      0.2182E+01      0.8381E+00      0.3182E-01
      0.3021E+00      0.0000E+00      0.0000E+00      0.2183E+01      0.8373E+00      0.3181E-01
      0.3030E+00      0.0000E+00      0.0000E+00      0.2184E+01      0.8365E+00      0.3180E-01
      0.3039E+00      0.0000E+00      0.0000E+00      0.2185E+01      0.8356E+00      0.3179E-01
      0.3048E+00      0.0000E+00      0.0000E+00      0.2186E+01      0.8348E+00      0.3179E-01
      0.3057E+00      0.0000E+00      0.0000E+00      0.2187E+01      0.8340E+00      0.3178E-01
      0.3065E+00      0.0000E+00      0.0000E+00      0.2188E+01      0.8331E+00      0.3177E-01
      0.3074E+00      0.0000E+00      0.0000E+00      0.2189E+01      0.8323E+00      0.3176E-01
      0.3083E+00      0.0000E+00      0.0000E+00      0.2190E+01      0.8315E+00      0.3175E-01
      0.3092E+00      0.0000E+00      0.0000E+00      0.2191E+01      0.8306E+00      0.3174E-01
      0.3101E+00      0.0000E+00      0.0000E+00      0.2192E+01      0.8298E+00      0.3173E-01
      0.3109E+00      0.0000E+00      0.0000E+00      0.2193E+01      0.8290E+00      0.3172E-01
      0.3118E+00      0.0000E+00      0.0000E+00      0.2194E+01      0.8281E+00      0.3171E-01
      0.3127E+00      0.0000E+00      0.0000E+00      0.2196E+01      0.8273E+00      0.3170E-01
      0.3136E+00      0.0000E+00      0.0000E+00      0.2197E+01      0.8264E+00      0.3169E-01
      0.3145E+00      0.0000E+00      0.0000E+00      0.2198E+01      0.8256E+00      0.3169E-01
      0.3153E+00      0.0000E+00      0.0000E+00      0.2199E+01      0.8247E+00      0.3168E-01
      0.3162E+00      0.0000E+00      0.0000E+00      0.2200E+01      0.8239E+00      0.3167E-01
      0.3171E+00      0.0000E+00      0.0000E+00      0.2201E+01      0.8231E+00      0.3166E-01
      0.3180E+00      0.0000E+00      0.0000E+00      0.2202E+01      0.8222E+00      0.3165E-01
      0.3188E+00      0.0000E+00      0.0000E+00      0.2203E+01      0.8214E+00      0.3164E-01
      0.3197E+00      0.0000E+00      0.0000E+00      0.2204E+01      0.8205E+00      0.3163E-01
      0.3206E+00      0.0000E+00      0.0000E+00      0.2206E+01      0.8197E+00      0.3162E-01
      0.3215E+00      0.0000E+00      0.0000E+00      0.2207E+01      0.8188E+00      0.3161E-01
      0.3224E+00      0.0000E+00      0.0000E+00      0.2208E+01      0.8180E+00      0.3160E-01
      0.3232E+00      0.0000E+00      0.0000E+00      0.2209E+01      0.8171E+00      0.3159E-01
      0.3241E+00      0.0000E+00      0.0000E+00      0.2210E+01      0.8163E+00      0.3158E-01
      0.3250E+00      0.0000E+00      0.0000E+00      0.2211E+01      0.8154E+00      0.3157E-01
      0.3259E+00      0.0000E+00      0.0000E+00      0.2212E+01      0.8146E+00      0.3156E-01
      0.3268E+00      0.0000E+00      0.0000E+00      0.2214E+01      0.8137E+00      0.3155E-01
      0.3276E+00      0.0000E+00      0.0000E+00      0.2215E+01      0.8128E+00      0.3154E-01
      0.3285E+00      0.0000E+00      0.0000E+00      0.2216E+01      0.8120E+00      0.3153E-01
      0.3294E+00      0.0000E+00      0.0000E+00      0.2217E+01      0.8111E+00      0.3152E-01
      0.3303E+00      0.0000E+00      0.0000E+00      0.2218E+01      0.8103E+00      0.3152E-01
      0.3312E+00      0.0000E+00      0.0000E+00      0.2219E+01      0.8094E+00      0.3151E-01
      0.3320E+00      0.0000E+00      0.0000E+00      0.2220E+01      0.8085E+00      0.3150E-01
      0.3329E+00      0.0000E+00      0.0000E+00      0.2222E+01      0.8077E+00      0.3149E-01
      0.3338E+00      0.0000E+00      0.0000E+00      0.2223E+01      0.8068E+00      0.3148E-01
      0.3347E+00      0.0000E+00      0.0000E+00      0.2224E+01      0.8059E+00      0.3147E-01
      0.3355E+00      0.0000E+00      0.0000E+00      0.2225E+01      0.8051E+00      0.3146E-01
      0.3364E+00      0.0000E+00      0.0000E+00      0.2226E+01      0.8042E+00      0.3145E-01
      0.3373E+00      0.0000E+00      0.0000E+00      0.2228E+01      0.8033E+00      0.3144E-01
      0.3382E+00      0.0000E+00      0.0000E+00      0.2229E+01      0.8025E+00      0.3143E-01
      0.3391E+00      0.0000E+00      0.0000E+00      0.2230E+01      0.8016E+00      0.3142E-01
      0.3399E+00      0.0000E+00      0.0000E+00      0.2231E+01      0.8007E+00      0.3141E-01
      0.3408E+00      0.0000E+00      0.0000E+00      0.2232E+01      0.7999E+00      0.3140E-01
      0.3417E+00      0.0000E+00      0.0000E+00      0.2234E+01      0.7990E+00      0.3139E-01
      0.3426E+00      0.0000E+00      0.0000E+00      0.2235E+01      0.7981E+00      0.3138E-01
      0.3435E+00      0.0000E+00      0.0000E+00      0.2236E+01      0.7973E+00      0.3137E-01
      0.3443E+00      0.0000E+00      0.0000E+00      0.2237E+01      0.7964E+00      0.3136E-01
      0.3452E+00      0.0000E+00      0.0000E+00      0.2238E+01      0.7955E+00      0.3135E-01
      0.3461E+00      0.0000E+00      0.0000E+00      0.2240E+01      0.7946E+00      0.3134E-01
      0.3470E+00      0.0000E+00      0.0000E+00      0.2241E+01      0.7938E+00      0.3133E-01
      0.3479E+00      0.0000E+00      0.0000E+00      0.2242E+01      0.7929E+00      0.3132E-01
      0.3487E+00      0.0000E+00      0.0000E+00      0.2243E+01      0.7920E+00      0.3131E-01
      0.3496E+00      0.0000E+00      0.0000E+00      0.2244E+01      0.7911E+00      0.3130E-01
      0.3505E+00      0.0000E+00      0.0000E+00      0.2246E+01      0.7903E+00      0.3129E-01
      0.3514E+00      0.0000E+00      0.0000E+00      0.2247E+01      0.7894E+00      0.3128E-01
      0.3522E+00      0.0000E+00      0.0000E+00      0.2248E+01      0.7885E+00      0.3127E-01
      0.3531E+00      0.0000E+00      0.0000E+00      0.2249E+01      0.7876E+00      0.3126E-01
      0.3540E+00      0.0000E+00      0.0000E+00      0.2251E+01      0.7867E+00      0.3124E-01
      0.3549E+00      0.0000E+00      0.0000E+00      0.2252E+01      0.7858E+00      0.3123E-01
      0.3558E+00      0.0000E+00      0.0000E+00      0.2253E+01      0.7850E+00      0.3122E-01
      0.3566E+00      0.0000E+00      0.0000E+00      0.2254E+01      0.7841E+00      0.3121E-01
      0.3575E+00      0.0000E+00      0.0000E+00      0.2256E+01      0.7832E+00      0.3120E-01
      0.3584E+00      0.0000E+00      0.0000E+00      0.2257E+01      0.7823E+00      0.3119E-01
      0.3593E+00      0.0000E+00      0.0000E+00      0.2258E+01      0.7814E+00      0.3118E-01
      0.3602E+00      0.0000E+00      0.0000E+00      0.2259E+01      0.7805E+00      0.3117E-01
      0.3610E+00      0.0000E+00      0.0000E+00      0.2261E+01      0.7797E+00      0.3116E-01
      0.3619E+00      0.0000E+00      0.0000E+00      0.2262E+01      0.7788E+00      0.3115E-01
      0.3628E+00      0.0000E+00      0.0000E+00      0.2263E+01      0.7779E+00      0.3114E-01
      0.3637E+00      0.0000E+00      0.0000E+00      0.2265E+01      0.7770E+00      0.3113E-01
      0.3646E+00      0.0000E+00      0.0000E+00      0.2266E+01      0.7761E+00      0.3112E-01
      0.3654E+00      0.0000E+00      0.0000E+00      0.2267E+01      0.7752E+00      0.3111E-01
      0.3663E+00      0.0000E+00      0.0000E+00      0.2268E+01      0.7743E+00      0.3110E-01
      0.3672E+00      0.0000E+00      0.0000E+00      0.2270E+01      0.7734E+00      0.3109E-01
      0.3681E+00      0.0000E+00      0.0000E+00      0.2271E+01      0.7725E+00      0.3108E-01
      0.3689E+00      0.0000E+00      0.0000E+00      0.2272E+01      0.7716E+00      0.3106E-01
      0.3698E+00      0.0000E+00      0.0000E+00      0.2274E+01      0.7708E+00      0.3105E-01
      0.3707E+00      0.0000E+00      0.0000E+00      0.2275E+01      0.7699E+00      0.3104E-01
      0.3716E+00      0.0000E+00      0.0000E+00      0.2276E+01      0.7690E+00      0.3103E-01
      0.3725E+00      0.0000E+00      0.0000E+00      0.2277E+01      0.7681E+00      0.3102E-01
      0.3733E+00      0.0000E+00      0.0000E+00      0.2279E+01      0.7672E+00      0.3101E-01
      0.3742E+00      0.0000E+00      0.0000E+00      0.2280E+01      0.7663E+00      0.3100E-01
      0.3751E+00      0.0000E+00      0.0000E+00      0.2281E+01      0.7654E+00      0.3099E-01
      0.3760E+00      0.0000E+00      0.0000E+00      0.2283E+01      0.7645E+00      0.3098E-01
      0.3769E+00      0.0000E+00      0.0000E+00      0.2284E+01      0.7636E+00      0.3097E-01
      0.3777E+00      0.0000E+00      0.0000E+00      0.2285E+01      0.7627E+00      0.3096E-01
      0.3786E+00      0.0000E+00      0.0000E+00      0.2287E+01      0.7618E+00      0.3094E-01
      0.3795E+00      0.0000E+00      0.0000E+00      0.2288E+01      0.7609E+00      0.3093E-01
      0.3804E+00      0.0000E+00      0.0000E+00      0.2289E+01      0.7600E+00      0.3092E-01
      0.3812E+00      0.0000E+00      0.0000E+00      0.2291E+01      0.7591E+00      0.3091E-01
      0.3821E+00      0.0000E+00      0.0000E+00      0.2292E+01      0.7582E+00      0.3090E-01
      0.3830E+00      0.0000E+00      0.0000E+00      0.2293E+01      0.7573E+00      0.3089E-01
      0.3839E+00      0.0000E+00      0.0000E+00      0.2295E+01      0.7564E+00      0.3088E-01
      0.3848E+00      0.0000E+00      0.0000E+00      0.2296E+01      0.7555E+00      0.3087E-01
      0.3856E+00      0.0000E+00      0.0000E+00      0.2297E+01      0.7546E+00      0.3085E-01
      0.3865E+00      0.0000E+00      0.0000E+00      0.2299E+01      0.7537E+00      0.3084E-01
      0.3874E+00      0.0000E+00      0.0000E+00      0.2300E+01      0.7528E+00      0.3083E-01
      0.3883E+00      0.0000E+00      0.0000E+00      0.2302E+01      0.7519E+00      0.3082E-01
      0.3892E+00      0.0000E+00      0.0000E+00      0.2303E+01      0.7510E+00      0.3081E-01
      0.3900E+00      0.0000E+00      0.0000E+00      0.2304E+01      0.7501E+00      0.3080E-01
      0.3909E+00      0.0000E+00      0.0000E+00      0.2306E+01      0.7492E+00      0.3079E-01
      0.3918E+00      0.0000E+00      0.0000E+00      0.2307E+01      0.7483E+00      0.3077E-01
      0.3927E+00      0.0000E+00      0.0000E+00      0.2308E+01      0.7474E+00      0.3076E-01
      0.3936E+00      0.0000E+00      0.0000E+00      0.2310E+01      0.7465E+00      0.3075E-01
      0.3944E+00      0.0000E+00      0.0000E+00      0.2311E+01      0.7456E+00      0.3074E-01
      0.3953E+00      0.0000E+00      0.0000E+00      0.2313E+01      0.7447E+00      0.3073E-01
      0.3962E+00      0.0000E+00      0.0000E+00      0.2314E+01      0.7437E+00      0.3072E-01
      0.3971E+00      0.0000E+00      0.0000E+00      0.2315E+01      0.7428E+00      0.3071E-01
      0.3979E+00      0.0000E+00      0.0000E+00      0.2317E+01      0.7419E+00      0.3069E-01
      0.3988E+00      0.0000E+00      0.0000E+00      0.2318E+01      0.7410E+00      0.3068E-01
      0.3997E+00      0.0000E+00      0.0000E+00      0.2320E+01      0.7401E+00      0.3067E-01
      0.4006E+00      0.0000E+00      0.0000E+00      0.2321E+01      0.7392E+00      0.3066E-01
      0.4015E+00      0.0000E+00      0.0000E+00      0.2322E+01      0.7383E+00      0.3065E-01
      0.4023E+00      0.0000E+00      0.0000E+00      0.2324E+01      0.7374E+00      0.3064E-01
      0.4032E+00      0.0000E+00      0.0000E+00      0.2325E+01      0.7365E+00      0.3062E-01
      0.4041E+00      0.0000E+00      0.0000E+00      0.2327E+01      0.7356E+00      0.3061E-01
      0.4050E+00      0.0000E+00      0.0000E+00      0.2328E+01      0.7347E+00      0.3060E-01
      0.4059E+00      0.0000E+00      0.0000E+00      0.2329E+01      0.7338E+00      0.3059E-01
      0.4067E+00      0.0000E+00      0.0000E+00      0.2331E+01      0.7329E+00      0.3058E-01
      0.4076E+00      0.0000E+00      0.0000E+00      0.2332E+01      0.7319E+00      0.3056E-01
      0.4085E+00      0.0000E+00      0.0000E+00      0.2334E+01      0.7310E+00      0.3055E-01
      0.4094E+00      0.0000E+00      0.0000E+00      0.2335E+01      0.7301E+00      0.3054E-01
      0.4103E+00      0.0000E+00      0.0000E+00      0.2337E+01      0.7292E+00      0.3053E-01
      0.4111E+00      0.0000E+00      0.0000E+00      0.2338E+01      0.7283E+00      0.3052E-01
      0.4120E+00      0.0000E+00      0.0000E+00      0.2340E+01      0.7274E+00      0.3050E-01
      0.4129E+00      0.0000E+00      0.0000E+00      0.2341E+01      0.7265E+00      0.3049E-01
      0.4138E+00      0.0000E+00      0.0000E+00      0.2342E+01      0.7256E+00      0.3048E-01
      0.4146E+00      0.0000E+00      0.0000E+00      0.2344E+01      0.7247E+00      0.3047E-01
      0.4155E+00      0.0000E+00      0.0000E+00      0.2345E+01      0.7237E+00      0.3046E-01
      0.4164E+00      0.0000E+00      0.0000E+00      0.2347E+01      0.7228E+00      0.3044E-01
      0.4173E+00      0.0000E+00      0.0000E+00      0.2348E+01      0.7219E+00      0.3043E-01
      0.4182E+00      0.0000E+00      0.0000E+00      0.2350E+01      0.7210E+00      0.3042E-01
      0.4190E+00      0.0000E+00      0.0000E+00      0.2351E+01      0.7201E+00      0.3041E-01
      0.4199E+00      0.0000E+00      0.0000E+00      0.2353E+01      0.7192E+00      0.3039E-01
      0.4208E+00      0.0000E+00      0.0000E+00      0.2354E+01      0.7183E+00      0.3038E-01
      0.4217E+00      0.0000E+00      0.0000E+00      0.2356E+01      0.7174E+00      0.3037E-01
      0.4226E+00      0.0000E+00      0.0000E+00      0.2357E+01      0.7164E+00      0.3036E-01
      0.4234E+00      0.0000E+00      0.0000E+00      0.2359E+01      0.7155E+00      0.3035E-01
      0.4243E+00      0.0000E+00      0.0000E+00      0.2360E+01      0.7146E+00      0.3033E-01
      0.4252E+00      0.0000E+00      0.0000E+00      0.2362E+01      0.7137E+00      0.3032E-01
      0.4261E+00      0.0000E+00      0.0000E+00      0.2363E+01      0.7128E+00      0.3031E-01
      0.4270E+00      0.0000E+00      0.0000E+00      0.2365E+01      0.7119E+00      0.3030E-01
      0.4278E+00      0.0000E+00      0.0000E+00      0.2366E+01      0.7110E+00      0.3028E-01
      0.4287E+00      0.0000E+00      0.0000E+00      0.2368E+01      0.7100E+00      0.3027E-01
      0.4296E+00      0.0000E+00      0.0000E+00      0.2369E+01      0.7091E+00      0.3026E-01
      0.4305E+00      0.0000E+00      0.0000E+00      0.2371E+01      0.7082E+00      0.3024E-01
      0.4313E+00      0.0000E+00      0.0000E+00      0.2372E+01      0.7073E+00      0.3023E-01
      0.4322E+00      0.0000E+00      0.0000E+00      0.2374E+01      0.7064E+00      0.3022E-01
      0.4331E+00      0.0000E+00      0.0000E+00      0.2375E+01      0.7055E+00      0.3021E-01
      0.4340E+00      0.0000E+00      0.0000E+00      0.2377E+01      0.7046E+00      0.3019E-01
      0.4349E+00      0.0000E+00      0.0000E+00      0.2378E+01      0.7036E+00      0.3018E-01
      0.4357E+00      0.0000E+00      0.0000E+00      0.2380E+01      0.7027E+00      0.3017E-01
      0.4366E+00      0.0000E+00      0.0000E+00      0.2381E+01      0.7018E+00      0.3016E-01
      0.4375E+00      0.0000E+00      0.0000E+00      0.2383E+01      0.7009E+00      0.3014E-01
      0.4384E+00      0.0000E+00      0.0000E+00      0.2384E+01      0.7000E+00      0.3013E-01
      0.4393E+00      0.0000E+00      0.0000E+00      0.2386E+01      0.6991E+00      0.3012E-01
      0.4401E+00      0.0000E+00      0.0000E+00      0.2387E+01      0.6982E+00      0.3010E-01
      0.4410E+00      0.0000E+00      0.0000E+00      0.2389E+01      0.6972E+00      0.3009E-01
      0.4419E+00      0.0000E+00      0.0000E+00      0.2391E+01      0.6963E+00      0.3008E-01
      0.4428E+00      0.0000E+00      0.0000E+00      0.2392E+01      0.6954E+00      0.3007E-01
      0.4437E+00      0.0000E+00      0.0000E+00      0.2394E+01      0.6945E+00      0.3005E-01
      0.4445E+00      0.0000E+00      0.0000E+00      0.2395E+01      0.6936E+00      0.3004E-01
      0.4454E+00      0.0000E+00      0.0000E+00      0.2397E+01      0.6927E+00      0.3003E-01
      0.4463E+00      0.0000E+00      0.0000E+00      0.2398E+01      0.6918E+00      0.3001E-01
      0.4472E+00      0.0000E+00      0.0000E+00      0.2400E+01      0.6908E+00      0.3000E-01
      0.4480E+00      0.0000E+00      0.0000E+00      0.2401E+01      0.6899E+00      0.2999E-01
      0.4489E+00      0.0000E+00      0.0000E+00      0.2403E+01      0.6890E+00      0.2997E-01
      0.4498E+00      0.0000E+00      0.0000E+00      0.2405E+01      0.6881E+00      0.2996E-01
      0.4507E+00      0.0000E+00      0.0000E+00      0.2406E+01      0.6872E+00      0.2995E-01
      0.4516E+00      0.0000E+00      0.0000E+00      0.2408E+01      0.6863E+00      0.2993E-01
      0.4524E+00      0.0000E+00      0.0000E+00      0.2409E+01      0.6854E+00      0.2992E-01
      0.4533E+00      0.0000E+00      0.0000E+00      0.2411E+01      0.6844E+00      0.2991E-01
      0.4542E+00      0.0000E+00      0.0000E+00      0.2413E+01      0.6835E+00      0.2990E-01
      0.4551E+00      0.0000E+00      0.0000E+00      0.2414E+01      0.6826E+00      0.2988E-01
      0.4560E+00      0.0000E+00      0.0000E+00      0.2416E+01      0.6817E+00      0.2987E-01
      0.4568E+00      0.0000E+00      0.0000E+00      0.2417E+01      0.6808E+00      0.2985E-01
      0.4577E+00      0.0000E+00      0.0000E+00      0.2419E+01      0.6799E+00      0.2984E-01
      0.4586E+00      0.0000E+00      0.0000E+00      0.2421E+01      0.6790E+00      0.2983E-01
      0.4595E+00      0.0000E+00      0.0000E+00      0.2422E+01      0.6780E+00      0.2981E-01
      0.4604E+00      0.0000E+00      0.0000E+00      0.2424E+01      0.6771E+00      0.2980E-01
      0.4612E+00      0.0000E+00      0.0000E+00      0.2425E+01      0.6762E+00      0.2979E-01
      0.4621E+00      0.0000E+00      0.0000E+00      0.2427E+01      0.6753E+00      0.2977E-01
      0.4630E+00      0.0000E+00      0.0000E+00      0.2429E+01      0.6744E+00      0.2976E-01
      0.4639E+00      0.0000E+00      0.0000E+00      0.2430E+01      0.6735E+00      0.2975E-01
      0.4647E+00      0.0000E+00      0.0000E+00      0.2432E+01      0.6726E+00      0.2973E-01
      0.4656E+00      0.0000E+00      0.0000E+00      0.2434E+01      0.6717E+00      0.2972E-01
      0.4665E+00      0.0000E+00      0.0000E+00      0.2435E+01      0.6707E+00      0.2971E-01
      0.4674E+00      0.0000E+00      0.0000E+00      0.2437E+01      0.6698E+00      0.2969E-01
      0.4683E+00      0.0000E+00      0.0000E+00      0.2439E+01      0.6689E+00      0.2968E-01
      0.4691E+00      0.0000E+00      0.0000E+00      0.2440E+01      0.6680E+00      0.2967E-01
      0.4700E+00      0.0000E+00      0.0000E+00      0.2442E+01      0.6671E+00      0.2965E-01
      0.4709E+00      0.0000E+00      0.0000E+00      0.2443E+01      0.6662E+00      0.2964E-01
      0.4718E+00      0.0000E+00      0.0000E+00      0.2445E+01      0.6653E+00      0.2962E-01
      0.4727E+00      0.0000E+00      0.0000E+00      0.2447E+01      0.6644E+00      0.2961E-01
      0.4735E+00      0.0000E+00      0.0000E+00      0.2448E+01      0.6635E+00      0.2960E-01
      0.4744E+00      0.0000E+00      0.0000E+00      0.2450E+01      0.6625E+00      0.2958E-01
      0.4753E+00      0.0000E+00      0.0000E+00      0.2452E+01      0.6616E+00      0.2957E-01
      0.4762E+00      0.0000E+00      0.0000E+00      0.2453E+01      0.6607E+00      0.2955E-01
      0.4771E+00      0.0000E+00      0.0000E+00      0.2455E+01      0.6598E+00      0.2954E-01
      0.4779E+00      0.0000E+00      0.0000E+00      0.2457E+01      0.6589E+00      0.2953E-01
      0.4788E+00      0.0000E+00      0.0000E+00      0.2459E+01      0.6580E+00      0.2951E-01
      0.4797E+00      0.0000E+00      0.0000E+00      0.2460E+01      0.6571E+00      0.2950E-01
      0.4806E+00      0.0000E+00      0.0000E+00      0.2462E+01      0.6562E+00      0.2948E-01
      0.4814E+00      0.0000E+00      0.0000E+00      0.2464E+01      0.6553E+00      0.2947E-01
      0.4823E+00      0.0000E+00      0.0000E+00      0.2465E+01      0.6544E+00      0.2946E-01
      0.4832E+00      0.0000E+00      0.0000E+00      0.2467E+01      0.6534E+00      0.2944E-01
      0.4841E+00      0.0000E+00      0.0000E+00      0.2469E+01      0.6525E+00      0.2943E-01
      0.4850E+00      0.0000E+00      0.0000E+00      0.2470E+01      0.6516E+00      0.2941E-01
      0.4858E+00      0.0000E+00      0.0000E+00      0.2472E+01      0.6507E+00      0.2940E-01
      0.4867E+00      0.0000E+00      0.0000E+00      0.2474E+01      0.6498E+00      0.2938E-01
      0.4876E+00      0.0000E+00      0.0000E+00      0.2476E+01      0.6489E+00      0.2937E-01
      0.4885E+00      0.0000E+00      0.0000E+00      0.2477E+01      0.6480E+00      0.2936E-01
      0.4894E+00      0.0000E+00      0.0000E+00      0.2479E+01      0.6471E+00      0.2934E-01
      0.4902E+00      0.0000E+00      0.0000E+00      0.2481E+01      0.6462E+00      0.2933E-01
      0.4911E+00      0.0000E+00      0.0000E+00      0.2482E+01      0.6453E+00      0.2931E-01
      0.4920E+00      0.0000E+00      0.0000E+00      0.2484E+01      0.6444E+00      0.2930E-01
      0.4929E+00      0.0000E+00      0.0000E+00      0.2486E+01      0.6435E+00      0.2928E-01
      0.4938E+00      0.0000E+00      0.0000E+00      0.2488E+01      0.6426E+00      0.2927E-01
      0.4946E+00      0.0000E+00      0.0000E+00      0.2489E+01      0.6417E+00      0.2926E-01
      0.4955E+00      0.0000E+00      0.0000E+00      0.2491E+01      0.6408E+00      0.2924E-01
      0.4964E+00      0.0000E+00      0.0000E+00      0.2493E+01      0.6399E+00      0.2923E-01
      0.4973E+00      0.0000E+00      0.0000E+00      0.2495E+01      0.6390E+00      0.2921E-01
      0.4981E+00      0.0000E+00      0.0000E+00      0.2496E+01      0.6381E+00      0.2920E-01
      0.4990E+00      0.0000E+00      0.0000E+00      0.2498E+01      0.6371E+00      0.2918E-01
      0.4999E+00      0.0000E+00      0.0000E+00      0.2500E+01      0.6362E+00      0.2917E-01
      0.5008E+00      0.0000E+00      0.0000E+00      0.2502E+01      0.6353E+00      0.2915E-01
      0.5017E+00      0.0000E+00      0.0000E+00      0.2503E+01      0.6344E+00      0.2914E-01
      0.5025E+00      0.0000E+00      0.0000E+00      0.2505E+01      0.6335E+00      0.2912E-01
      0.5034E+00      0.0000E+00      0.0000E+00      0.2507E+01      0.6326E+00      0.2911E-01
      0.5043E+00      0.0000E+00      0.0000E+00      0.2509E+01      0.6317E+00      0.2909E-01
      0.5052E+00      0.0000E+00      0.0000E+00      0.2510E+01      0.6308E+00      0.2908E-01
      0.5061E+00      0.0000E+00      0.0000E+00      0.2512E+01      0.6299E+00      0.2906E-01
      0.5069E+00      0.0000E+00      0.0000E+00      0.2514E+01      0.6290E+00      0.2905E-01
      0.5078E+00      0.0000E+00      0.0000E+00      0.2516E+01      0.6281E+00      0.2904E-01
      0.5087E+00      0.0000E+00      0.0000E+00      0.2518E+01      0.6272E+00      0.2902E-01
      0.5096E+00      0.0000E+00      0.0000E+00      0.2519E+01      0.6263E+00      0.2901E-01
      0.5104E+00      0.0000E+00      0.0000E+00      0.2521E+01      0.6254E+00      0.2899E-01
      0.5113E+00      0.0000E+00      0.0000E+00      0.2523E+01      0.6245E+00      0.2898E-01
      0.5122E+00      0.0000E+00      0.0000E+00      0.2525E+01      0.6236E+00      0.2896E-01
      0.5131E+00      0.0000E+00      0.0000E+00      0.2527E+01      0.6228E+00      0.2895E-01
      0.5140E+00      0.0000E+00      0.0000E+00      0.2528E+01      0.6219E+00      0.2893E-01
      0.5148E+00      0.0000E+00      0.0000E+00      0.2530E+01      0.6210E+00      0.2892E-01
      0.5157E+00      0.0000E+00      0.0000E+00      0.2532E+01      0.6201E+00      0.2890E-01
      0.5166E+00      0.0000E+00      0.0000E+00      0.2534E+01      0.6192E+00      0.2889E-01
      0.5175E+00      0.0000E+00      0.0000E+00      0.2536E+01      0.6183E+00      0.2887E-01
      0.5184E+00      0.0000E+00      0.0000E+00      0.2537E+01      0.6174E+00      0.2885E-01
      0.5192E+00      0.0000E+00      0.0000E+00      0.2539E+01      0.6165E+00      0.2884E-01
      0.5201E+00      0.0000E+00      0.0000E+00      0.2541E+01      0.6156E+00      0.2882E-01
      0.5210E+00      0.0000E+00      0.0000E+00      0.2543E+01      0.6147E+00      0.2881E-01
      0.5219E+00      0.0000E+00      0.0000E+00      0.2545E+01      0.6138E+00      0.2879E-01
      0.5228E+00      0.0000E+00      0.0000E+00      0.2547E+01      0.6129E+00      0.2878E-01
      0.5236E+00      0.0000E+00      0.0000E+00      0.2548E+01      0.6120E+00      0.2876E-01
      0.5245E+00      0.0000E+00      0.0000E+00      0.2550E+01      0.6111E+00      0.2875E-01
      0.5254E+00      0.0000E+00      0.0000E+00      0.2552E+01      0.6102E+00      0.2873E-01
      0.5263E+00      0.0000E+00      0.0000E+00      0.2554E+01      0.6094E+00      0.2872E-01
      0.5271E+00      0.0000E+00      0.0000E+00      0.2556E+01      0.6085E+00      0.2870E-01
      0.5280E+00      0.0000E+00      0.0000E+00      0.2558E+01      0.6076E+00      0.2869E-01
      0.5289E+00      0.0000E+00      0.0000E+00      0.2559E+01      0.6067E+00      0.2867E-01
      0.5298E+00      0.0000E+00      0.0000E+00      0.2561E+01      0.6058E+00      0.2865E-01
      0.5307E+00      0.0000E+00      0.0000E+00      0.2563E+01      0.6049E+00      0.2864E-01
      0.5315E+00      0.0000E+00      0.0000E+00      0.2565E+01      0.6040E+00      0.2862E-01
      0.5324E+00      0.0000E+00      0.0000E+00      0.2567E+01      0.6031E+00      0.2861E-01
      0.5333E+00      0.0000E+00      0.0000E+00      0.2569E+01      0.6023E+00      0.2859E-01
      0.5342E+00      0.0000E+00      0.0000E+00      0.2571E+01      0.6014E+00      0.2858E-01
      0.5351E+00      0.0000E+00      0.0000E+00      0.2573E+01      0.6005E+00      0.2856E-01
      0.5359E+00      0.0000E+00      0.0000E+00      0.2574E+01      0.5996E+00      0.2855E-01
      0.5368E+00      0.0000E+00      0.0000E+00      0.2576E+01      0.5987E+00      0.2853E-01
      0.5377E+00      0.0000E+00      0.0000E+00      0.2578E+01      0.5978E+00      0.2851E-01
      0.5386E+00      0.0000E+00      0.0000E+00      0.2580E+01      0.5969E+00      0.2850E-01
      0.5395E+00      0.0000E+00      0.0000E+00      0.2582E+01      0.5961E+00      0.2848E-01
      0.5403E+00      0.0000E+00      0.0000E+00      0.2584E+01      0.5952E+00      0.2847E-01
      0.5412E+00      0.0000E+00      0.0000E+00      0.2586E+01      0.5943E+00      0.2845E-01
      0.5421E+00      0.0000E+00      0.0000E+00      0.2588E+01      0.5934E+00      0.2843E-01
      0.5430E+00      0.0000E+00      0.0000E+00      0.2590E+01      0.5925E+00      0.2842E-01
      0.5438E+00      0.0000E+00      0.0000E+00      0.2592E+01      0.5917E+00      0.2840E-01
      0.5447E+00      0.0000E+00      0.0000E+00      0.2593E+01      0.5908E+00      0.2839E-01
      0.5456E+00      0.0000E+00      0.0000E+00      0.2595E+01      0.5899E+00      0.2837E-01
      0.5465E+00      0.0000E+00      0.0000E+00      0.2597E+01      0.5890E+00      0.2835E-01
      0.5474E+00      0.0000E+00      0.0000E+00      0.2599E+01      0.5882E+00      0.2834E-01
      0.5482E+00      0.0000E+00      0.0000E+00      0.2601E+01      0.5873E+00      0.2832E-01
      0.5491E+00      0.0000E+00      0.0000E+00      0.2603E+01      0.5864E+00      0.2831E-01
      0.5500E+00      0.0000E+00      0.0000E+00      0.2605E+01      0.5855E+00      0.2829E-01
      0.5509E+00      0.0000E+00      0.0000E+00      0.2607E+01      0.5846E+00      0.2827E-01
      0.5518E+00      0.0000E+00      0.0000E+00      0.2609E+01      0.5838E+00      0.2826E-01
      0.5526E+00      0.0000E+00      0.0000E+00      0.2611E+01      0.5829E+00      0.2824E-01
      0.5535E+00      0.0000E+00      0.0000E+00      0.2613E+01      0.5820E+00      0.2823E-01
      0.5544E+00      0.0000E+00      0.0000E+00      0.2615E+01      0.5812E+00      0.2821E-01
      0.5553E+00      0.0000E+00      0.0000E+00      0.2617E+01      0.5803E+00      0.2819E-01
      0.5562E+00      0.0000E+00      0.0000E+00      0.2619E+01      0.5794E+00      0.2818E-01
      0.5570E+00      0.0000E+00      0.0000E+00      0.2621E+01      0.5785E+00      0.2816E-01
      0.5579E+00      0.0000E+00      0.0000E+00      0.2623E+01      0.5777E+00      0.2814E-01
      0.5588E+00      0.0000E+00      0.0000E+00      0.2624E+01      0.5768E+00      0.2813E-01
      0.5597E+00      0.0000E+00      0.0000E+00      0.2626E+01      0.5759E+00      0.2811E-01
      0.5605E+00      0.0000E+00      0.0000E+00      0.2628E+01      0.5751E+00      0.2809E-01
      0.5614E+00      0.0000E+00      0.0000E+00      0.2630E+01      0.5742E+00      0.2808E-01
      0.5623E+00      0.0000E+00      0.0000E+00      0.2632E+01      0.5733E+00      0.2806E-01
      0.5632E+00      0.0000E+00      0.0000E+00      0.2634E+01      0.5725E+00      0.2804E-01
      0.5641E+00      0.0000E+00      0.0000E+00      0.2636E+01      0.5716E+00      0.2803E-01
      0.5649E+00      0.0000E+00      0.0000E+00      0.2638E+01      0.5707E+00      0.2801E-01
      0.5658E+00      0.0000E+00      0.0000E+00      0.2640E+01      0.5699E+00      0.2800E-01
      0.5667E+00      0.0000E+00      0.0000E+00      0.2642E+01      0.5690E+00      0.2798E-01
      0.5676E+00      0.0000E+00      0.0000E+00      0.2644E+01      0.5681E+00      0.2796E-01
      0.5685E+00      0.0000E+00      0.0000E+00      0.2646E+01      0.5673E+00      0.2794E-01
      0.5693E+00      0.0000E+00      0.0000E+00      0.2648E+01      0.5664E+00      0.2793E-01
      0.5702E+00      0.0000E+00      0.0000E+00      0.2650E+01      0.5656E+00      0.2791E-01
      0.5711E+00      0.0000E+00      0.0000E+00      0.2652E+01      0.5647E+00      0.2789E-01
      0.5720E+00      0.0000E+00      0.0000E+00      0.2654E+01      0.5638E+00      0.2788E-01
      0.5729E+00      0.0000E+00      0.0000E+00      0.2656E+01      0.5630E+00      0.2786E-01
      0.5737E+00      0.0000E+00      0.0000E+00      0.2658E+01      0.5621E+00      0.2784E-01
      0.5746E+00      0.0000E+00      0.0000E+00      0.2660E+01      0.5613E+00      0.2783E-01
      0.5755E+00      0.0000E+00      0.0000E+00      0.2662E+01      0.5604E+00      0.2781E-01
      0.5764E+00      0.0000E+00      0.0000E+00      0.2664E+01      0.5595E+00      0.2779E-01
      0.5772E+00      0.0000E+00      0.0000E+00      0.2666E+01      0.5587E+00      0.2778E-01
      0.5781E+00      0.0000E+00      0.0000E+00      0.2668E+01      0.5578E+00      0.2776E-01
      0.5790E+00      0.0000E+00      0.0000E+00      0.2670E+01      0.5570E+00      0.2774E-01
      0.5799E+00      0.0000E+00      0.0000E+00      0.2673E+01      0.5561E+00      0.2772E-01
      0.5808E+00      0.0000E+00      0.0000E+00      0.2675E+01      0.5553E+00      0.2771E-01
      0.5816E+00      0.0000E+00      0.0000E+00      0.2677E+01      0.5544E+00      0.2769E-01
      0.5825E+00      0.0000E+00      0.0000E+00      0.2679E+01      0.5536E+00      0.2767E-01
      0.5834E+00      0.0000E+00      0.0000E+00      0.2681E+01      0.5527E+00      0.2766E-01
      0.5843E+00      0.0000E+00      0.0000E+00      0.2683E+01      0.5519E+00      0.2764E-01
      0.5852E+00      0.0000E+00      0.0000E+00      0.2685E+01      0.5510E+00      0.2762E-01
      0.5860E+00      0.0000E+00      0.0000E+00      0.2687E+01      0.5502E+00      0.2760E-01
      0.5869E+00      0.0000E+00      0.0000E+00      0.2689E+01      0.5493E+00      0.2759E-01
      0.5878E+00      0.0000E+00      0.0000E+00      0.2691E+01      0.5485E+00      0.2757E-01
      0.5887E+00      0.0000E+00      0.0000E+00      0.2693E+01      0.5476E+00      0.2755E-01
      0.5896E+00      0.0000E+00      0.0000E+00      0.2695E+01      0.5468E+00      0.2753E-01
      0.5904E+00      0.0000E+00      0.0000E+00      0.2697E+01      0.5459E+00      0.2752E-01
      0.5913E+00      0.0000E+00      0.0000E+00      0.2699E+01      0.5451E+00      0.2750E-01
      0.5922E+00      0.0000E+00      0.0000E+00      0.2701E+01      0.5443E+00      0.2748E-01
      0.5931E+00      0.0000E+00      0.0000E+00      0.2703E+01      0.5434E+00      0.2746E-01
      0.5939E+00      0.0000E+00      0.0000E+00      0.2706E+01      0.5426E+00      0.2745E-01
      0.5948E+00      0.0000E+00      0.0000E+00      0.2708E+01      0.5417E+00      0.2743E-01
      0.5957E+00      0.0000E+00      0.0000E+00      0.2710E+01      0.5409E+00      0.2741E-01
      0.5966E+00      0.0000E+00      0.0000E+00      0.2712E+01      0.5400E+00      0.2739E-01
      0.5975E+00      0.0000E+00      0.0000E+00      0.2714E+01      0.5392E+00      0.2738E-01
      0.5983E+00      0.0000E+00      0.0000E+00      0.2716E+01      0.5384E+00      0.2736E-01
      0.5992E+00      0.0000E+00      0.0000E+00      0.2718E+01      0.5375E+00      0.2734E-01
      0.6001E+00      0.0000E+00      0.0000E+00      0.2720E+01      0.5367E+00      0.2732E-01
      0.6010E+00      0.0000E+00      0.0000E+00      0.2722E+01      0.5359E+00      0.2730E-01
      0.6019E+00      0.0000E+00      0.0000E+00      0.2724E+01      0.5350E+00      0.2729E-01
      0.6027E+00      0.0000E+00      0.0000E+00      0.2727E+01      0.5342E+00      0.2727E-01
      0.6036E+00      0.0000E+00      0.0000E+00      0.2729E+01      0.5334E+00      0.2725E-01
      0.6045E+00      0.0000E+00      0.0000E+00      0.2731E+01      0.5325E+00      0.2723E-01
      0.6054E+00      0.0000E+00      0.0000E+00      0.2733E+01      0.5317E+00      0.2721E-01
      0.6062E+00      0.0000E+00      0.0000E+00      0.2735E+01      0.5309E+00      0.2720E-01
      0.6071E+00      0.0000E+00      0.0000E+00      0.2737E+01      0.5300E+00      0.2718E-01
      0.6080E+00      0.0000E+00      0.0000E+00      0.2739E+01      0.5292E+00      0.2716E-01
      0.6089E+00      0.0000E+00      0.0000E+00      0.2741E+01      0.5284E+00      0.2714E-01
      0.6098E+00      0.0000E+00      0.0000E+00      0.2744E+01      0.5275E+00      0.2712E-01
      0.6106E+00      0.0000E+00      0.0000E+00      0.2746E+01      0.5267E+00      0.2710E-01
      0.6115E+00      0.0000E+00      0.0000E+00      0.2748E+01      0.5259E+00      0.2709E-01
      0.6124E+00      0.0000E+00      0.0000E+00      0.2750E+01      0.5251E+00      0.2707E-01
      0.6133E+00      0.0000E+00      0.0000E+00      0.2752E+01      0.5242E+00      0.2705E-01
      0.6142E+00      0.0000E+00      0.0000E+00      0.2754E+01      0.5234E+00      0.2703E-01
      0.6150E+00      0.0000E+00      0.0000E+00      0.2757E+01      0.5226E+00      0.2701E-01
      0.6159E+00      0.0000E+00      0.0000E+00      0.2759E+01      0.5218E+00      0.2699E-01
      0.6168E+00      0.0000E+00      0.0000E+00      0.2761E+01      0.5209E+00      0.2697E-01
      0.6177E+00      0.0000E+00      0.0000E+00      0.2763E+01      0.5201E+00      0.2696E-01
      0.6186E+00      0.0000E+00      0.0000E+00      0.2765E+01      0.5193E+00      0.2694E-01
      0.6194E+00      0.0000E+00      0.0000E+00      0.2767E+01      0.5185E+00      0.2692E-01
      0.6203E+00      0.0000E+00      0.0000E+00      0.2770E+01      0.5177E+00      0.2690E-01
      0.6212E+00      0.0000E+00      0.0000E+00      0.2772E+01      0.5168E+00      0.2688E-01
      0.6221E+00      0.0000E+00      0.0000E+00      0.2774E+01      0.5160E+00      0.2686E-01
      0.6229E+00      0.0000E+00      0.0000E+00      0.2776E+01      0.5152E+00      0.2684E-01
      0.6238E+00      0.0000E+00      0.0000E+00      0.2778E+01      0.5144E+00      0.2682E-01
      0.6247E+00      0.0000E+00      0.0000E+00      0.2781E+01      0.5136E+00      0.2680E-01
      0.6256E+00      0.0000E+00      0.0000E+00      0.2783E+01      0.5128E+00      0.2679E-01
      0.6265E+00      0.0000E+00      0.0000E+00      0.2785E+01      0.5120E+00      0.2677E-01
      0.6273E+00      0.0000E+00      0.0000E+00      0.2787E+01      0.5111E+00      0.2675E-01
      0.6282E+00      0.0000E+00      0.0000E+00      0.2789E+01      0.5103E+00      0.2673E-01
      0.6291E+00      0.0000E+00      0.0000E+00      0.2792E+01      0.5095E+00      0.2671E-01
      0.6300E+00      0.0000E+00      0.0000E+00      0.2794E+01      0.5087E+00      0.2669E-01
      0.6309E+00      0.0000E+00      0.0000E+00      0.2796E+01      0.5079E+00      0.2667E-01
      0.6317E+00      0.0000E+00      0.0000E+00      0.2798E+01      0.5071E+00      0.2665E-01
      0.6326E+00      0.0000E+00      0.0000E+00      0.2800E+01      0.5063E+00      0.2663E-01
      0.6335E+00      0.0000E+00      0.0000E+00      0.2803E+01      0.5055E+00      0.2661E-01
      0.6344E+00      0.0000E+00      0.0000E+00      0.2805E+01      0.5047E+00      0.2659E-01
      0.6353E+00      0.0000E+00      0.0000E+00      0.2807E+01      0.5039E+00      0.2657E-01
      0.6361E+00      0.0000E+00      0.0000E+00      0.2809E+01      0.5031E+00      0.2655E-01
      0.6370E+00      0.0000E+00      0.0000E+00      0.2812E+01      0.5023E+00      0.2653E-01
      0.6379E+00      0.0000E+00      0.0000E+00      0.2814E+01      0.5015E+00      0.2651E-01
      0.6388E+00      0.0000E+00      0.0000E+00      0.2816E+01      0.5007E+00      0.2649E-01
      0.6396E+00      0.0000E+00      0.0000E+00      0.2818E+01      0.4999E+00      0.2647E-01
      0.6405E+00      0.0000E+00      0.0000E+00      0.2821E+01      0.4991E+00      0.2645E-01
      0.6414E+00      0.0000E+00      0.0000E+00      0.2823E+01      0.4983E+00      0.2643E-01
      0.6423E+00      0.0000E+00      0.0000E+00      0.2825E+01      0.4975E+00      0.2641E-01
      0.6432E+00      0.0000E+00      0.0000E+00      0.2827E+01      0.4967E+00      0.2639E-01
      0.6440E+00      0.0000E+00      0.0000E+00      0.2830E+01      0.4959E+00      0.2637E-01
      0.6449E+00      0.0000E+00      0.0000E+00      0.2832E+01      0.4951E+00      0.2635E-01
      0.6458E+00      0.0000E+00      0.0000E+00      0.2834E+01      0.4943E+00      0.2633E-01
      0.6467E+00      0.0000E+00      0.0000E+00      0.2836E+01      0.4935E+00      0.2631E-01
      0.6476E+00      0.0000E+00      0.0000E+00      0.2839E+01      0.4927E+00      0.2629E-01
      0.6484E+00      0.0000E+00      0.0000E+00      0.2841E+01      0.4919E+00      0.2626E-01
      0.6493E+00      0.0000E+00      0.0000E+00      0.2843E+01      0.4912E+00      0.2624E-01
      0.6502E+00      0.0000E+00      0.0000E+00      0.2846E+01      0.4904E+00      0.2622E-01
      0.6511E+00      0.0000E+00      0.0000E+00      0.2848E+01      0.4896E+00      0.2620E-01
      0.6520E+00      0.0000E+00      0.0000E+00      0.2850E+01      0.4888E+00      0.2618E-01
      0.6528E+00      0.0000E+00      0.0000E+00      0.2852E+01      0.4880E+00      0.2616E-01
      0.6537E+00      0.0000E+00      0.0000E+00      0.2855E+01      0.4872E+00      0.2614E-01
      0.6546E+00      0.0000E+00      0.0000E+00      0.2857E+01      0.4864E+00      0.2611E-01
      0.6555E+00      0.0000E+00      0.0000E+00      0.2859E+01      0.4857E+00      0.2609E-01
      0.6563E+00      0.0000E+00      0.0000E+00      0.2862E+01      0.4849E+00      0.2607E-01
      0.6572E+00      0.0000E+00      0.0000E+00      0.2864E+01      0.4841E+00      0.2605E-01
      0.6581E+00      0.0000E+00      0.0000E+00      0.2866E+01      0.4833E+00      0.2603E-01
      0.6590E+00      0.0000E+00      0.0000E+00      0.2869E+01      0.4825E+00      0.2600E-01
      0.6599E+00      0.0000E+00      0.0000E+00      0.2871E+01      0.4818E+00      0.2598E-01
      0.6607E+00      0.0000E+00      0.0000E+00      0.2873E+01      0.4810E+00      0.2596E-01
      0.6616E+00      0.0000E+00      0.0000E+00      0.2875E+01      0.4802E+00      0.2594E-01
      0.6625E+00      0.0000E+00      0.0000E+00      0.2878E+01      0.4794E+00      0.2591E-01
      0.6634E+00      0.0000E+00      0.0000E+00      0.2880E+01      0.4787E+00      0.2589E-01
      0.6643E+00      0.0000E+00      0.0000E+00      0.2882E+01      0.4779E+00      0.2587E-01
      0.6651E+00      0.0000E+00      0.0000E+00      0.2885E+01      0.4771E+00      0.2584E-01
      0.6660E+00      0.0000E+00      0.0000E+00      0.2887E+01      0.4764E+00      0.2582E-01
      0.6669E+00      0.0000E+00      0.0000E+00      0.2889E+01      0.4756E+00      0.2580E-01
      0.6678E+00      0.0000E+00      0.0000E+00      0.2892E+01      0.4748E+00      0.2577E-01
      0.6687E+00      0.0000E+00      0.0000E+00      0.2894E+01      0.4741E+00      0.2575E-01
      0.6695E+00      0.0000E+00      0.0000E+00      0.2897E+01      0.4733E+00      0.2572E-01
      0.6704E+00      0.0000E+00      0.0000E+00      0.2899E+01      0.4725E+00      0.2570E-01
      0.6713E+00      0.0000E+00      0.0000E+00      0.2901E+01      0.4718E+00      0.2567E-01
      0.6722E+00      0.0000E+00      0.0000E+00      0.2904E+01      0.4710E+00      0.2565E-01
      0.6730E+00      0.0000E+00      0.0000E+00      0.2906E+01      0.4702E+00      0.2562E-01
      0.6739E+00      0.0000E+00      0.0000E+00      0.2908E+01      0.4695E+00      0.2560E-01
      0.6748E+00      0.0000E+00      0.0000E+00      0.2911E+01      0.4687E+00      0.2557E-01
      0.6757E+00      0.0000E+00      0.0000E+00      0.2913E+01      0.4680E+00      0.2555E-01
      0.6766E+00      0.0000E+00      0.0000E+00      0.2915E+01      0.4672E+00      0.2552E-01
      0.6774E+00      0.0000E+00      0.0000E+00      0.2918E+01      0.4665E+00      0.2550E-01
      0.6783E+00      0.0000E+00      0.0000E+00      0.2920E+01      0.4657E+00      0.2547E-01
      0.6792E+00      0.0000E+00      0.0000E+00      0.2923E+01      0.4650E+00      0.2544E-01
      0.6801E+00      0.0000E+00      0.0000E+00      0.2925E+01      0.4642E+00      0.2542E-01
      0.6810E+00      0.0000E+00      0.0000E+00      0.2927E+01      0.4634E+00      0.2539E-01
      0.6818E+00      0.0000E+00      0.0000E+00      0.2930E+01      0.4627E+00      0.2536E-01
      0.6827E+00      0.0000E+00      0.0000E+00      0.2932E+01      0.4620E+00      0.2533E-01
      0.6836E+00      0.0000E+00      0.0000E+00      0.2935E+01      0.4612E+00      0.2530E-01
      0.6845E+00      0.0000E+00      0.0000E+00      0.2937E+01      0.4605E+00      0.2528E-01
      0.6854E+00      0.0000E+00      0.0000E+00      0.2939E+01      0.4597E+00      0.2525E-01
      0.6862E+00      0.0000E+00      0.0000E+00      0.2942E+01      0.4590E+00      0.2522E-01
      0.6871E+00      0.0000E+00      0.0000E+00      0.2944E+01      0.4582E+00      0.2519E-01
      0.6880E+00      0.0000E+00      0.0000E+00      0.2947E+01      0.4575E+00      0.2516E-01
      0.6889E+00      0.0000E+00      0.0000E+00      0.2949E+01      0.4568E+00      0.2513E-01
      0.6897E+00      0.0000E+00      0.0000E+00      0.2951E+01      0.4560E+00      0.2510E-01
      0.6906E+00      0.0000E+00      0.0000E+00      0.2954E+01      0.4553E+00      0.2507E-01
      0.6915E+00      0.0000E+00      0.0000E+00      0.2956E+01      0.4546E+00      0.2504E-01
      0.6924E+00      0.0000E+00      0.0000E+00      0.2959E+01      0.4538E+00      0.2501E-01
      0.6933E+00      0.0000E+00      0.0000E+00      0.2961E+01      0.4531E+00      0.2497E-01
      0.6941E+00      0.0000E+00      0.0000E+00      0.2964E+01      0.4524E+00      0.2494E-01
      0.6950E+00      0.0000E+00      0.0000E+00      0.2966E+01      0.4516E+00      0.2491E-01
      0.6959E+00      0.0000E+00      0.0000E+00      0.2969E+01      0.4509E+00      0.2488E-01
      0.6968E+00      0.0000E+00      0.0000E+00      0.2971E+01      0.4502E+00      0.2484E-01
      0.6977E+00      0.0000E+00      0.0000E+00      0.2973E+01      0.4495E+00      0.2481E-01
      0.6985E+00      0.0000E+00      0.0000E+00      0.2976E+01      0.4487E+00      0.2477E-01
      0.6994E+00      0.0000E+00      0.0000E+00      0.2978E+01      0.4480E+00      0.2474E-01
      0.7003E+00      0.0000E+00      0.0000E+00      0.2981E+01      0.4473E+00      0.2470E-01
      0.7012E+00      0.0000E+00      0.0000E+00      0.2983E+01      0.4466E+00      0.2467E-01
      0.7021E+00      0.0000E+00      0.0000E+00      0.2986E+01      0.4459E+00      0.2463E-01
      0.7029E+00      0.0000E+00      0.0000E+00      0.2988E+01      0.4452E+00      0.2459E-01
      0.7038E+00      0.0000E+00      0.0000E+00      0.2991E+01      0.4444E+00      0.2455E-01
      0.7047E+00      0.0000E+00      0.0000E+00      0.2993E+01      0.4437E+00      0.2452E-01
      0.7056E+00      0.0000E+00      0.0000E+00      0.2996E+01      0.4430E+00      0.2448E-01
      0.7064E+00      0.0000E+00      0.0000E+00      0.2998E+01      0.4423E+00      0.2444E-01
      0.7073E+00      0.0000E+00      0.0000E+00      0.3001E+01      0.4416E+00      0.2440E-01
      0.7082E+00      0.0000E+00      0.0000E+00      0.3003E+01      0.4409E+00      0.2435E-01
      0.7091E+00      0.0000E+00      0.0000E+00      0.3006E+01      0.4402E+00      0.2431E-01
      0.7100E+00      0.0000E+00      0.0000E+00      0.3008E+01      0.4395E+00      0.2427E-01
      0.7108E+00      0.0000E+00      0.0000E+00      0.3011E+01      0.4388E+00      0.2423E-01
      0.7117E+00      0.0000E+00      0.0000E+00      0.3013E+01      0.4381E+00      0.2418E-01
      0.7126E+00      0.0000E+00      0.0000E+00      0.3016E+01      0.4374E+00      0.2414E-01
      0.7135E+00      0.0000E+00      0.0000E+00      0.3018E+01      0.4367E+00      0.2409E-01
      0.7144E+00      0.0000E+00      0.0000E+00      0.3021E+01      0.4360E+00      0.2405E-01
      0.7152E+00      0.0000E+00      0.0000E+00      0.3023E+01      0.4354E+00      0.2400E-01
      0.7161E+00      0.0000E+00      0.0000E+00      0.3026E+01      0.4347E+00      0.2395E-01
      0.7170E+00      0.0000E+00      0.0000E+00      0.3028E+01      0.4340E+00      0.2390E-01
      0.7179E+00      0.0000E+00      0.0000E+00      0.3031E+01      0.4333E+00      0.2385E-01
      0.7188E+00      0.0000E+00      0.0000E+00      0.3033E+01      0.4326E+00      0.2380E-01
      0.7196E+00      0.0000E+00      0.0000E+00      0.3036E+01      0.4319E+00      0.2375E-01
      0.7205E+00      0.0000E+00      0.0000E+00      0.3038E+01      0.4313E+00      0.2370E-01
      0.7214E+00      0.0000E+00      0.0000E+00      0.3041E+01      0.4306E+00      0.2364E-01
      0.7223E+00      0.0000E+00      0.0000E+00      0.3043E+01      0.4299E+00      0.2359E-01
      0.7231E+00      0.0000E+00      0.0000E+00      0.3046E+01      0.4293E+00      0.2353E-01
      0.7240E+00      0.0000E+00      0.0000E+00      0.3048E+01      0.4286E+00      0.2347E-01
      0.7249E+00      0.0000E+00      0.0000E+00      0.3051E+01      0.4279E+00      0.2341E-01
      0.7258E+00      0.0000E+00      0.0000E+00      0.3054E+01      0.4273E+00      0.2335E-01
      0.7267E+00      0.0000E+00      0.0000E+00      0.3056E+01      0.4266E+00      0.2329E-01
      0.7275E+00      0.0000E+00      0.0000E+00      0.3059E+01      0.4260E+00      0.2323E-01
      0.7284E+00      0.0000E+00      0.0000E+00      0.3061E+01      0.4253E+00      0.2317E-01
      0.7293E+00      0.0000E+00      0.0000E+00      0.3064E+01      0.4246E+00      0.2310E-01
      0.7302E+00      0.0000E+00      0.0000E+00      0.3066E+01      0.4240E+00      0.2304E-01
      0.7311E+00      0.0000E+00      0.0000E+00      0.3069E+01      0.4233E+00      0.2297E-01
      0.7319E+00      0.0000E+00      0.0000E+00      0.3071E+01      0.4227E+00      0.2290E-01
      0.7328E+00      0.0000E+00      0.0000E+00      0.3074E+01      0.4221E+00      0.2283E-01
      0.7337E+00      0.0000E+00      0.0000E+00      0.3077E+01      0.4214E+00      0.2276E-01
      0.7346E+00      0.0000E+00      0.0000E+00      0.3079E+01      0.4208E+00      0.2268E-01
      0.7354E+00      0.0000E+00      0.0000E+00      0.3082E+01      0.4202E+00      0.2261E-01
      0.7363E+00      0.0000E+00      0.0000E+00      0.3084E+01      0.4195E+00      0.2253E-01
      0.7372E+00      0.0000E+00      0.0000E+00      0.3087E+01      0.4189E+00      0.2245E-01
      0.7381E+00      0.0000E+00      0.0000E+00      0.3090E+01      0.4183E+00      0.2237E-01
      0.7390E+00      0.0000E+00      0.0000E+00      0.3092E+01      0.4176E+00      0.2229E-01
      0.7398E+00      0.0000E+00      0.0000E+00      0.3095E+01      0.4170E+00      0.2221E-01
      0.7407E+00      0.0000E+00      0.0000E+00      0.3097E+01      0.4164E+00      0.2212E-01
      0.7416E+00      0.0000E+00      0.0000E+00      0.3100E+01      0.4158E+00      0.2204E-01
      0.7425E+00      0.0000E+00      0.0000E+00      0.3103E+01      0.4152E+00      0.2195E-01
      0.7434E+00      0.0000E+00      0.0000E+00      0.3105E+01      0.4146E+00      0.2186E-01
      0.7442E+00      0.0000E+00      0.0000E+00      0.3108E+01      0.4140E+00      0.2176E-01
      0.7451E+00      0.0000E+00      0.0000E+00      0.3110E+01      0.4133E+00      0.2167E-01
      0.7460E+00      0.0000E+00      0.0000E+00      0.3113E+01      0.4127E+00      0.2157E-01
      0.7469E+00      0.0000E+00      0.0000E+00      0.3116E+01      0.4121E+00      0.2147E-01
      0.7478E+00      0.0000E+00      0.0000E+00      0.3118E+01      0.4115E+00      0.2137E-01
      0.7486E+00      0.0000E+00      0.0000E+00      0.3121E+01      0.4110E+00      0.2127E-01
      0.7495E+00      0.0000E+00      0.0000E+00      0.3124E+01      0.4104E+00      0.2116E-01
      0.7504E+00      0.0000E+00      0.0000E+00      0.3126E+01      0.4098E+00      0.2105E-01
      0.7513E+00      0.0000E+00      0.0000E+00      0.3129E+01      0.4092E+00      0.2094E-01
      0.7521E+00      0.0000E+00      0.0000E+00      0.3131E+01      0.4086E+00      0.2083E-01
      0.7530E+00      0.0000E+00      0.0000E+00      0.3134E+01      0.4080E+00      0.2072E-01
      0.7539E+00      0.0000E+00      0.0000E+00      0.3137E+01      0.4074E+00      0.2060E-01
      0.7548E+00      0.0000E+00      0.0000E+00      0.3139E+01      0.4069E+00      0.2048E-01
      0.7557E+00      0.0000E+00      0.0000E+00      0.3142E+01      0.4063E+00      0.2036E-01
      0.7565E+00      0.0000E+00      0.0000E+00      0.3145E+01      0.4057E+00      0.2024E-01
      0.7574E+00      0.0000E+00      0.0000E+00      0.3147E+01      0.4051E+00      0.2011E-01
      0.7583E+00      0.0000E+00      0.0000E+00      0.3150E+01      0.4046E+00      0.1998E-01
      0.7592E+00      0.0000E+00      0.0000E+00      0.3153E+01      0.4040E+00      0.1985E-01
      0.7601E+00      0.0000E+00      0.0000E+00      0.3155E+01      0.4034E+00      0.1972E-01
      0.7609E+00      0.0000E+00      0.0000E+00      0.3158E+01      0.4029E+00      0.1958E-01
      0.7618E+00      0.0000E+00      0.0000E+00      0.3161E+01      0.4023E+00      0.1944E-01
      0.7627E+00      0.0000E+00      0.0000E+00      0.3163E+01      0.4017E+00      0.1930E-01
      0.7636E+00      0.0000E+00      0.0000E+00      0.3166E+01      0.4012E+00      0.1915E-01
      0.7645E+00      0.0000E+00      0.0000E+00      0.3169E+01      0.4006E+00      0.1901E-01
      0.7653E+00      0.0000E+00      0.0000E+00      0.3171E+01      0.4001E+00      0.1886E-01
      0.7662E+00      0.0000E+00      0.0000E+00      0.3174E+01      0.3995E+00      0.1871E-01
      0.7671E+00      0.0000E+00      0.0000E+00      0.3177E+01      0.3990E+00      0.1855E-01
      0.7680E+00      0.0000E+00      0.0000E+00      0.3180E+01      0.3984E+00      0.1840E-01
      0.7688E+00      0.0000E+00      0.0000E+00      0.3182E+01      0.3979E+00      0.1824E-01
      0.7697E+00      0.0000E+00      0.0000E+00      0.3185E+01      0.3973E+00      0.1807E-01
      0.7706E+00      0.0000E+00      0.0000E+00      0.3188E+01      0.3967E+00      0.1791E-01
      0.7715E+00      0.0000E+00      0.0000E+00      0.3190E+01      0.3962E+00      0.1774E-01
      0.7724E+00      0.0000E+00      0.0000E+00      0.3193E+01      0.3956E+00      0.1757E-01
      0.7732E+00      0.0000E+00      0.0000E+00      0.3196E+01      0.3951E+00      0.1740E-01
      0.7741E+00      0.0000E+00      0.0000E+00      0.3199E+01      0.3945E+00      0.1723E-01
      0.7750E+00      0.0000E+00      0.0000E+00      0.3201E+01      0.3940E+00      0.1705E-01
      0.7759E+00      0.0000E+00      0.0000E+00      0.3204E+01      0.3934E+00      0.1687E-01
      0.7768E+00      0.0000E+00      0.0000E+00      0.3207E+01      0.3929E+00      0.1669E-01
      0.7776E+00      0.0000E+00      0.0000E+00      0.3209E+01      0.3923E+00      0.1651E-01
      0.7785E+00      0.0000E+00      0.0000E+00      0.3212E+01      0.3918E+00      0.1632E-01
      0.7794E+00      0.0000E+00      0.0000E+00      0.3215E+01      0.3912E+00      0.1613E-01
      0.7803E+00      0.0000E+00      0.0000E+00      0.3218E+01      0.3906E+00      0.1594E-01
      0.7812E+00      0.0000E+00      0.0000E+00      0.3220E+01      0.3901E+00      0.1575E-01
      0.7820E+00      0.0000E+00      0.0000E+00      0.3223E+01      0.3895E+00      0.1556E-01
      0.7829E+00      0.0000E+00      0.0000E+00      0.3226E+01      0.3889E+00      0.1536E-01
      0.7838E+00      0.0000E+00      0.0000E+00      0.3229E+01      0.3884E+00      0.1517E-01
      0.7847E+00      0.0000E+00      0.0000E+00      0.3231E+01      0.3878E+00      0.1497E-01
      0.7855E+00      0.0000E+00      0.0000E+00      0.3234E+01      0.3872E+00      0.1477E-01
      0.7864E+00      0.0000E+00      0.0000E+00      0.3237E+01      0.3867E+00      0.1456E-01
      0.7873E+00      0.0000E+00      0.0000E+00      0.3240E+01      0.3861E+00      0.1436E-01
      0.7882E+00      0.0000E+00      0.0000E+00      0.3242E+01      0.3855E+00      0.1416E-01
      0.7891E+00      0.0000E+00      0.0000E+00      0.3245E+01      0.3849E+00      0.1395E-01
      0.7899E+00      0.0000E+00      0.0000E+00      0.3248E+01      0.3843E+00      0.1374E-01
      0.7908E+00      0.0000E+00      0.0000E+00      0.3251E+01      0.3837E+00      0.1353E-01
      0.7917E+00      0.0000E+00      0.0000E+00      0.3254E+01      0.3831E+00      0.1333E-01
      0.7926E+00      0.0000E+00      0.0000E+00      0.3256E+01      0.3825E+00      0.1312E-01
      0.7935E+00      0.0000E+00      0.0000E+00      0.3259E+01      0.3819E+00      0.1291E-01
      0.7943E+00      0.0000E+00      0.0000E+00      0.3262E+01      0.3813E+00      0.1270E-01
      0.7952E+00      0.0000E+00      0.0000E+00      0.3265E+01      0.3807E+00      0.1248E-01
      0.7961E+00      0.0000E+00      0.0000E+00      0.3268E+01      0.3801E+00      0.1227E-01
      0.7970E+00      0.0000E+00      0.0000E+00      0.3270E+01      0.3794E+00      0.1206E-01
      0.7979E+00      0.0000E+00      0.0000E+00      0.3273E+01      0.3788E+00      0.1185E-01
      0.7987E+00      0.0000E+00      0.0000E+00      0.3276E+01      0.3782E+00      0.1164E-01
      0.7996E+00      0.0000E+00      0.0000E+00      0.3279E+01      0.3776E+00      0.1143E-01
      0.8005E+00      0.0000E+00      0.0000E+00      0.3282E+01      0.3769E+00      0.1122E-01
      0.8014E+00      0.0000E+00      0.0000E+00      0.3284E+01      0.3763E+00      0.1101E-01
      0.8022E+00      0.0000E+00      0.0000E+00      0.3287E+01      0.3756E+00      0.1080E-01
      0.8031E+00      0.0000E+00      0.0000E+00      0.3290E+01      0.3750E+00      0.1059E-01
      0.8040E+00      0.0000E+00      0.0000E+00      0.3293E+01      0.3743E+00      0.1038E-01
      0.8049E+00      0.0000E+00      0.0000E+00      0.3296E+01      0.3737E+00      0.1017E-01
      0.8058E+00      0.0000E+00      0.0000E+00      0.3299E+01      0.3730E+00      0.9965E-02
      0.8066E+00      0.0000E+00      0.0000E+00      0.3301E+01      0.3723E+00      0.9760E-02
      0.8075E+00      0.0000E+00      0.0000E+00      0.3304E+01      0.3717E+00      0.9556E-02
      0.8084E+00      0.0000E+00      0.0000E+00      0.3307E+01      0.3710E+00      0.9354E-02
      0.8093E+00      0.0000E+00      0.0000E+00      0.3310E+01      0.3703E+00      0.9153E-02
      0.8102E+00      0.0000E+00      0.0000E+00      0.3313E+01      0.3696E+00      0.8953E-02
      0.8110E+00      0.0000E+00      0.0000E+00      0.3316E+01      0.3689E+00      0.8756E-02
      0.8119E+00      0.0000E+00      0.0000E+00      0.3318E+01      0.3682E+00      0.8560E-02
      0.8128E+00      0.0000E+00      0.0000E+00      0.3321E+01      0.3676E+00      0.8366E-02
      0.8137E+00      0.0000E+00      0.0000E+00      0.3324E+01      0.3669E+00      0.8175E-02
      0.8146E+00      0.0000E+00      0.0000E+00      0.3327E+01      0.3662E+00      0.7985E-02
      0.8154E+00      0.0000E+00      0.0000E+00      0.3330E+01      0.3655E+00      0.7797E-02
      0.8163E+00      0.0000E+00      0.0000E+00      0.3333E+01      0.3648E+00      0.7612E-02
      0.8172E+00      0.0000E+00      0.0000E+00      0.3336E+01      0.3641E+00      0.7429E-02
      0.8181E+00      0.0000E+00      0.0000E+00      0.3338E+01      0.3634E+00      0.7248E-02
      0.8189E+00      0.0000E+00      0.0000E+00      0.3341E+01      0.3626E+00      0.7070E-02
      0.8198E+00      0.0000E+00      0.0000E+00      0.3344E+01      0.3619E+00      0.6895E-02
      0.8207E+00      0.0000E+00      0.0000E+00      0.3347E+01      0.3612E+00      0.6722E-02
      0.8216E+00      0.0000E+00      0.0000E+00      0.3350E+01      0.3605E+00      0.6551E-02
      0.8225E+00      0.0000E+00      0.0000E+00      0.3353E+01      0.3598E+00      0.6383E-02
      0.8233E+00      0.0000E+00      0.0000E+00      0.3356E+01      0.3591E+00      0.6218E-02
      0.8242E+00      0.0000E+00      0.0000E+00      0.3359E+01      0.3584E+00      0.6056E-02
      0.8251E+00      0.0000E+00      0.0000E+00      0.3362E+01      0.3576E+00      0.5896E-02
      0.8260E+00      0.0000E+00      0.0000E+00      0.3364E+01      0.3569E+00      0.5740E-02
      0.8269E+00      0.0000E+00      0.0000E+00      0.3367E+01      0.3562E+00      0.5586E-02
      0.8277E+00      0.0000E+00      0.0000E+00      0.3370E+01      0.3555E+00      0.5434E-02
      0.8286E+00      0.0000E+00      0.0000E+00      0.3373E+01      0.3548E+00      0.5286E-02
      0.8295E+00      0.0000E+00      0.0000E+00      0.3376E+01      0.3541E+00      0.5141E-02
      0.8304E+00      0.0000E+00      0.0000E+00      0.3379E+01      0.3533E+00      0.4998E-02
      0.8313E+00      0.0000E+00      0.0000E+00      0.3382E+01      0.3526E+00      0.4859E-02
      0.8321E+00      0.0000E+00      0.0000E+00      0.3385E+01      0.3519E+00      0.4722E-02
      0.8330E+00      0.0000E+00      0.0000E+00      0.3388E+01      0.3512E+00      0.4588E-02
      0.8339E+00      0.0000E+00      0.0000E+00      0.3391E+01      0.3505E+00      0.4457E-02
      0.8348E+00      0.0000E+00      0.0000E+00      0.3394E+01      0.3498E+00      0.4329E-02
      0.8356E+00      0.0000E+00      0.0000E+00      0.3397E+01      0.3491E+00      0.4204E-02
      0.8365E+00      0.0000E+00      0.0000E+00      0.3400E+01      0.3484E+00      0.4081E-02
      0.8374E+00      0.0000E+00      0.0000E+00      0.3402E+01      0.3477E+00      0.3961E-02
      0.8383E+00      0.0000E+00      0.0000E+00      0.3405E+01      0.3470E+00      0.3845E-02
      0.8392E+00      0.0000E+00      0.0000E+00      0.3408E+01      0.3462E+00      0.3730E-02
      0.8400E+00      0.0000E+00      0.0000E+00      0.3411E+01      0.3455E+00      0.3619E-02
      0.8409E+00      0.0000E+00      0.0000E+00      0.3414E+01      0.3448E+00      0.3510E-02
      0.8418E+00      0.0000E+00      0.0000E+00      0.3417E+01      0.3441E+00      0.3404E-02
      0.8427E+00      0.0000E+00      0.0000E+00      0.3420E+01      0.3435E+00      0.3301E-02
      0.8436E+00      0.0000E+00      0.0000E+00      0.3423E+01      0.3428E+00      0.3200E-02
      0.8444E+00      0.0000E+00      0.0000E+00      0.3426E+01      0.3421E+00      0.3102E-02
      0.8453E+00      0.0000E+00      0.0000E+00      0.3429E+01      0.3414E+00      0.3007E-02
      0.8462E+00      0.0000E+00      0.0000E+00      0.3432E+01      0.3407E+00      0.2913E-02
      0.8471E+00      0.0000E+00      0.0000E+00      0.3435E+01      0.3400E+00      0.2823E-02
      0.8479E+00      0.0000E+00      0.0000E+00      0.3438E+01      0.3393E+00      0.2735E-02
      0.8488E+00      0.0000E+00      0.0000E+00      0.3441E+01      0.3387E+00      0.2649E-02
      0.8497E+00      0.0000E+00      0.0000E+00      0.3444E+01      0.3380E+00      0.2565E-02
      0.8506E+00      0.0000E+00      0.0000E+00      0.3447E+01      0.3373E+00      0.2484E-02
      0.8515E+00      0.0000E+00      0.0000E+00      0.3450E+01      0.3366E+00      0.2405E-02
      0.8523E+00      0.0000E+00      0.0000E+00      0.3453E+01      0.3360E+00      0.2329E-02
      0.8532E+00      0.0000E+00      0.0000E+00      0.3456E+01      0.3353E+00      0.2254E-02
      0.8541E+00      0.0000E+00      0.0000E+00      0.3459E+01      0.3346E+00      0.2182E-02
      0.8550E+00      0.0000E+00      0.0000E+00      0.3462E+01      0.3340E+00      0.2111E-02
      0.8559E+00      0.0000E+00      0.0000E+00      0.3465E+01      0.3333E+00      0.2043E-02
      0.8567E+00      0.0000E+00      0.0000E+00      0.3468E+01      0.3327E+00      0.1977E-02
      0.8576E+00      0.0000E+00      0.0000E+00      0.3471E+01      0.3320E+00      0.1912E-02
      0.8585E+00      0.0000E+00      0.0000E+00      0.3474E+01      0.3314E+00      0.1850E-02
      0.8594E+00      0.0000E+00      0.0000E+00      0.3477E+01      0.3307E+00      0.1789E-02
      0.8603E+00      0.0000E+00      0.0000E+00      0.3480E+01      0.3301E+00      0.1730E-02
      0.8611E+00      0.0000E+00      0.0000E+00      0.3483E+01      0.3294E+00      0.1673E-02
      0.8620E+00      0.0000E+00      0.0000E+00      0.3486E+01      0.3288E+00      0.1618E-02
      0.8629E+00      0.0000E+00      0.0000E+00      0.3489E+01      0.3281E+00      0.1564E-02
      0.8638E+00      0.0000E+00      0.0000E+00      0.3492E+01      0.3275E+00      0.1512E-02
      0.8646E+00      0.0000E+00      0.0000E+00      0.3495E+01      0.3269E+00      0.1462E-02
      0.8655E+00      0.0000E+00      0.0000E+00      0.3498E+01      0.3263E+00      0.1413E-02
      0.8664E+00      0.0000E+00      0.0000E+00      0.3501E+01      0.3256E+00      0.1366E-02
      0.8673E+00      0.0000E+00      0.0000E+00      0.3504E+01      0.3250E+00      0.1320E-02
      0.8682E+00      0.0000E+00      0.0000E+00      0.3507E+01      0.3244E+00      0.1276E-02
      0.8690E+00      0.0000E+00      0.0000E+00      0.3510E+01      0.3238E+00      0.1233E-02
      0.8699E+00      0.0000E+00      0.0000E+00      0.3514E+01      0.3231E+00      0.1191E-02
      0.8708E+00      0.0000E+00      0.0000E+00      0.3517E+01      0.3225E+00      0.1151E-02
      0.8717E+00      0.0000E+00      0.0000E+00      0.3520E+01      0.3219E+00      0.1112E-02
      0.8726E+00      0.0000E+00      0.0000E+00      0.3523E+01      0.3213E+00      0.1074E-02
      0.8734E+00      0.0000E+00      0.0000E+00      0.3526E+01      0.3207E+00      0.1038E-02
      0.8743E+00      0.0000E+00      0.0000E+00      0.3529E+01      0.3201E+00      0.1002E-02
      0.8752E+00      0.0000E+00      0.0000E+00      0.3532E+01      0.3195E+00      0.9682E-03
      0.8761E+00      0.0000E+00      0.0000E+00      0.3535E+01      0.3189E+00      0.9351E-03
      0.8770E+00      0.0000E+00      0.0000E+00      0.3538E+01      0.3183E+00      0.9031E-03
      0.8778E+00      0.0000E+00      0.0000E+00      0.3541E+01      0.3177E+00      0.8721E-03
      0.8787E+00      0.0000E+00      0.0000E+00      0.3544E+01      0.3171E+00      0.8422E-03
      0.8796E+00      0.0000E+00      0.0000E+00      0.3547E+01      0.3165E+00      0.8132E-03
      0.8805E+00      0.0000E+00      0.0000E+00      0.3550E+01      0.3159E+00      0.7852E-03
      0.8813E+00      0.0000E+00      0.0000E+00      0.3554E+01      0.3153E+00      0.7581E-03
      0.8822E+00      0.0000E+00      0.0000E+00      0.3557E+01      0.3147E+00      0.7320E-03
      0.8831E+00      0.0000E+00      0.0000E+00      0.3560E+01      0.3142E+00      0.7066E-03
      0.8840E+00      0.0000E+00      0.0000E+00      0.3563E+01      0.3136E+00      0.6822E-03
      0.8849E+00      0.0000E+00      0.0000E+00      0.3566E+01      0.3130E+00      0.6585E-03
      0.8857E+00      0.0000E+00      0.0000E+00      0.3569E+01      0.3124E+00      0.6357E-03
      0.8866E+00      0.0000E+00      0.0000E+00      0.3572E+01      0.3118E+00      0.6136E-03
      0.8875E+00      0.0000E+00      0.0000E+00      0.3575E+01      0.3113E+00      0.5923E-03
      0.8884E+00      0.0000E+00      0.0000E+00      0.3578E+01      0.3107E+00      0.5717E-03
      0.8893E+00      0.0000E+00      0.0000E+00      0.3582E+01      0.3101E+00      0.5517E-03
      0.8901E+00      0.0000E+00      0.0000E+00      0.3585E+01      0.3096E+00      0.5325E-03
      0.8910E+00      0.0000E+00      0.0000E+00      0.3588E+01      0.3090E+00      0.5139E-03
      0.8919E+00      0.0000E+00      0.0000E+00      0.3591E+01      0.3084E+00      0.4959E-03
      0.8928E+00      0.0000E+00      0.0000E+00      0.3594E+01      0.3079E+00      0.4786E-03
      0.8937E+00      0.0000E+00      0.0000E+00      0.3597E+01      0.3073E+00      0.4618E-03
      0.8945E+00      0.0000E+00      0.0000E+00      0.3600E+01      0.3067E+00      0.4457E-03
      0.8954E+00      0.0000E+00      0.0000E+00      0.3604E+01      0.3062E+00      0.4300E-03
      0.8963E+00      0.0000E+00      0.0000E+00      0.3607E+01      0.3056E+00      0.4149E-03
      0.8972E+00      0.0000E+00      0.0000E+00      0.3610E+01      0.3051E+00      0.4004E-03
      0.8980E+00      0.0000E+00      0.0000E+00      0.3613E+01      0.3045E+00      0.3863E-03
      0.8989E+00      0.0000E+00      0.0000E+00      0.3616E+01      0.3040E+00      0.3727E-03
      0.8998E+00      0.0000E+00      0.0000E+00      0.3619E+01      0.3034E+00      0.3596E-03
      0.9007E+00      0.0000E+00      0.0000E+00      0.3622E+01      0.3029E+00      0.3469E-03
      0.9016E+00      0.0000E+00      0.0000E+00      0.3626E+01      0.3023E+00      0.3347E-03
      0.9024E+00      0.0000E+00      0.0000E+00      0.3629E+01      0.3018E+00      0.3229E-03
      0.9033E+00      0.0000E+00      0.0000E+00      0.3632E+01      0.3012E+00      0.3115E-03
      0.9042E+00      0.0000E+00      0.0000E+00      0.3635E+01      0.3007E+00      0.3005E-03
      0.9051E+00      0.0000E+00      0.0000E+00      0.3638E+01      0.3001E+00      0.2899E-03
      0.9060E+00      0.0000E+00      0.0000E+00      0.3642E+01      0.2996E+00      0.2796E-03
      0.9068E+00      0.0000E+00      0.0000E+00      0.3645E+01      0.2991E+00      0.2697E-03
      0.9077E+00      0.0000E+00      0.0000E+00      0.3648E+01      0.2985E+00      0.2602E-03
      0.9086E+00      0.0000E+00      0.0000E+00      0.3651E+01      0.2980E+00      0.2510E-03
      0.9095E+00      0.0000E+00      0.0000E+00      0.3654E+01      0.2974E+00      0.2421E-03
      0.9104E+00      0.0000E+00      0.0000E+00      0.3657E+01      0.2969E+00      0.2335E-03
      0.9112E+00      0.0000E+00      0.0000E+00      0.3661E+01      0.2964E+00      0.2252E-03
      0.9121E+00      0.0000E+00      0.0000E+00      0.3664E+01      0.2958E+00      0.2172E-03
      0.9130E+00      0.0000E+00      0.0000E+00      0.3667E+01      0.2953E+00      0.2095E-03
      0.9139E+00      0.0000E+00      0.0000E+00      0.3670E+01      0.2948E+00      0.2021E-03
      0.9147E+00      0.0000E+00      0.0000E+00      0.3674E+01      0.2943E+00      0.1949E-03
      0.9156E+00      0.0000E+00      0.0000E+00      0.3677E+01      0.2937E+00      0.1880E-03
      0.9165E+00      0.0000E+00      0.0000E+00      0.3680E+01      0.2932E+00      0.1813E-03
      0.9174E+00      0.0000E+00      0.0000E+00      0.3683E+01      0.2927E+00      0.1748E-03
      0.9183E+00      0.0000E+00      0.0000E+00      0.3686E+01      0.2922E+00      0.1686E-03
      0.9191E+00      0.0000E+00      0.0000E+00      0.3690E+01      0.2916E+00      0.1626E-03
      0.9200E+00      0.0000E+00      0.0000E+00      0.3693E+01      0.2911E+00      0.1568E-03
      0.9209E+00      0.0000E+00      0.0000E+00      0.3696E+01      0.2906E+00      0.1512E-03
      0.9218E+00      0.0000E+00      0.0000E+00      0.3699E+01      0.2901E+00      0.1458E-03
      0.9227E+00      0.0000E+00      0.0000E+00      0.3703E+01      0.2896E+00      0.1406E-03
      0.9235E+00      0.0000E+00      0.0000E+00      0.3706E+01      0.2891E+00      0.1356E-03
      0.9244E+00      0.0000E+00      0.0000E+00      0.3709E+01      0.2885E+00      0.1308E-03
      0.9253E+00      0.0000E+00      0.0000E+00      0.3712E+01      0.2880E+00      0.1261E-03
      0.9262E+00      0.0000E+00      0.0000E+00      0.3716E+01      0.2875E+00      0.1216E-03
      0.9271E+00      0.0000E+00      0.0000E+00      0.3719E+01      0.2870E+00      0.1173E-03
      0.9279E+00      0.0000E+00      0.0000E+00      0.3722E+01      0.2865E+00      0.1131E-03
      0.9288E+00      0.0000E+00      0.0000E+00      0.3725E+01      0.2860E+00      0.1090E-03
      0.9297E+00      0.0000E+00      0.0000E+00      0.3729E+01      0.2855E+00      0.1051E-03
      0.9306E+00      0.0000E+00      0.0000E+00      0.3732E+01      0.2850E+00      0.1014E-03
      0.9314E+00      0.0000E+00      0.0000E+00      0.3735E+01      0.2845E+00      0.9776E-04
      0.9323E+00      0.0000E+00      0.0000E+00      0.3738E+01      0.2840E+00      0.9426E-04
      0.9332E+00      0.0000E+00      0.0000E+00      0.3742E+01      0.2834E+00      0.9089E-04
      0.9341E+00      0.0000E+00      0.0000E+00      0.3745E+01      0.2829E+00      0.8764E-04
      0.9350E+00      0.0000E+00      0.0000E+00      0.3748E+01      0.2824E+00      0.8450E-04
      0.9358E+00      0.0000E+00      0.0000E+00      0.3752E+01      0.2819E+00      0.8147E-04
      0.9367E+00      0.0000E+00      0.0000E+00      0.3755E+01      0.2814E+00      0.7856E-04
      0.9376E+00      0.0000E+00      0.0000E+00      0.3758E+01      0.2809E+00      0.7574E-04
      0.9385E+00      0.0000E+00      0.0000E+00      0.3761E+01      0.2804E+00      0.7303E-04
      0.9394E+00      0.0000E+00      0.0000E+00      0.3765E+01      0.2799E+00      0.7041E-04
      0.9402E+00      0.0000E+00      0.0000E+00      0.3768E+01      0.2795E+00      0.6789E-04
      0.9411E+00      0.0000E+00      0.0000E+00      0.3771E+01      0.2790E+00      0.6545E-04
      0.9420E+00      0.0000E+00      0.0000E+00      0.3775E+01      0.2785E+00      0.6311E-04
      0.9429E+00      0.0000E+00      0.0000E+00      0.3778E+01      0.2780E+00      0.6084E-04
      0.9437E+00      0.0000E+00      0.0000E+00      0.3781E+01      0.2775E+00      0.5866E-04
      0.9446E+00      0.0000E+00      0.0000E+00      0.3785E+01      0.2770E+00      0.5655E-04
      0.9455E+00      0.0000E+00      0.0000E+00      0.3788E+01      0.2765E+00      0.5452E-04
      0.9464E+00      0.0000E+00      0.0000E+00      0.3791E+01      0.2760E+00      0.5257E-04
      0.9473E+00      0.0000E+00      0.0000E+00      0.3795E+01      0.2755E+00      0.5068E-04
      0.9481E+00      0.0000E+00      0.0000E+00      0.3798E+01      0.2750E+00      0.4886E-04
      0.9490E+00      0.0000E+00      0.0000E+00      0.3801E+01      0.2745E+00      0.4710E-04
      0.9499E+00      0.0000E+00      0.0000E+00      0.3805E+01      0.2741E+00      0.4541E-04
      0.9508E+00      0.0000E+00      0.0000E+00      0.3808E+01      0.2736E+00      0.4378E-04
      0.9517E+00      0.0000E+00      0.0000E+00      0.3811E+01      0.2731E+00      0.4221E-04
      0.9525E+00      0.0000E+00      0.0000E+00      0.3815E+01      0.2726E+00      0.4069E-04
      0.9534E+00      0.0000E+00      0.0000E+00      0.3818E+01      0.2721E+00      0.3923E-04
      0.9543E+00      0.0000E+00      0.0000E+00      0.3821E+01      0.2716E+00      0.3782E-04
      0.9552E+00      0.0000E+00      0.0000E+00      0.3825E+01      0.2712E+00      0.3646E-04
      0.9561E+00      0.0000E+00      0.0000E+00      0.3828E+01      0.2707E+00      0.3515E-04
      0.9569E+00      0.0000E+00      0.0000E+00      0.3831E+01      0.2702E+00      0.3388E-04
      0.9578E+00      0.0000E+00      0.0000E+00      0.3835E+01      0.2697E+00      0.3266E-04
      0.9587E+00      0.0000E+00      0.0000E+00      0.3838E+01      0.2693E+00      0.3149E-04
      0.9596E+00      0.0000E+00      0.0000E+00      0.3842E+01      0.2688E+00      0.3035E-04
      0.9604E+00      0.0000E+00      0.0000E+00      0.3845E+01      0.2683E+00      0.2926E-04
      0.9613E+00      0.0000E+00      0.0000E+00      0.3848E+01      0.2678E+00      0.2821E-04
      0.9622E+00      0.0000E+00      0.0000E+00      0.3852E+01      0.2674E+00      0.2719E-04
      0.9631E+00      0.0000E+00      0.0000E+00      0.3855E+01      0.2669E+00      0.2621E-04
      0.9640E+00      0.0000E+00      0.0000E+00      0.3858E+01      0.2664E+00      0.2527E-04
      0.9648E+00      0.0000E+00      0.0000E+00      0.3862E+01      0.2659E+00      0.2436E-04
      0.9657E+00      0.0000E+00      0.0000E+00      0.3865E+01      0.2655E+00      0.2348E-04
      0.9666E+00      0.0000E+00      0.0000E+00      0.3869E+01      0.2650E+00      0.2263E-04
      0.9675E+00      0.0000E+00      0.0000E+00      0.3872E+01      0.2645E+00      0.2182E-04
      0.9684E+00      0.0000E+00      0.0000E+00      0.3875E+01      0.2641E+00      0.2103E-04
      0.9692E+00      0.0000E+00      0.0000E+00      0.3879E+01      0.2636E+00      0.2027E-04
      0.9701E+00      0.0000E+00      0.0000E+00      0.3882E+01      0.2631E+00      0.1954E-04
      0.9710E+00      0.0000E+00      0.0000E+00      0.3886E+01      0.2627E+00      0.1884E-04
      0.9719E+00      0.0000E+00      0.0000E+00      0.3889E+01      0.2622E+00      0.1816E-04
      0.9728E+00      0.0000E+00      0.0000E+00      0.3893E+01      0.2617E+00      0.1750E-04
      0.9736E+00      0.0000E+00      0.0000E+00      0.3896E+01      0.2613E+00      0.1687E-04
      0.9745E+00      0.0000E+00      0.0000E+00      0.3899E+01      0.2608E+00      0.1626E-04
      0.9754E+00      0.0000E+00      0.0000E+00      0.3903E+01      0.2604E+00      0.1568E-04
      0.9763E+00      0.0000E+00      0.0000E+00      0.3906E+01      0.2599E+00      0.1511E-04
      0.9771E+00      0.0000E+00      0.0000E+00      0.3910E+01      0.2594E+00      0.1456E-04
      0.9780E+00      0.0000E+00      0.0000E+00      0.3913E+01      0.2590E+00      0.1404E-04
      0.9789E+00      0.0000E+00      0.0000E+00      0.3917E+01      0.2585E+00      0.1353E-04
      0.9798E+00      0.0000E+00      0.0000E+00      0.3920E+01      0.2581E+00      0.1304E-04
      0.9807E+00      0.0000E+00      0.0000E+00      0.3923E+01      0.2576E+00      0.1257E-04
      0.9815E+00      0.0000E+00      0.0000E+00      0.3927E+01      0.2572E+00      0.1212E-04
      0.9824E+00      0.0000E+00      0.0000E+00      0.3930E+01      0.2567E+00      0.1168E-04
      0.9833E+00      0.0000E+00      0.0000E+00      0.3934E+01      0.2563E+00      0.1126E-04
      0.9842E+00      0.0000E+00      0.0000E+00      0.3937E+01      0.2558E+00      0.1085E-04
      0.9851E+00      0.0000E+00      0.0000E+00      0.3941E+01      0.2554E+00      0.1046E-04
      0.9859E+00      0.0000E+00      0.0000E+00      0.3944E+01      0.2549E+00      0.1008E-04
      0.9868E+00      0.0000E+00      0.0000E+00      0.3948E+01      0.2545E+00      0.9716E-05
      0.9877E+00      0.0000E+00      0.0000E+00      0.3951E+01      0.2540E+00      0.9365E-05
      0.9886E+00      0.0000E+00      0.0000E+00      0.3955E+01      0.2536E+00      0.9026E-05
      0.9895E+00      0.0000E+00      0.0000E+00      0.3958E+01      0.2531E+00      0.8700E-05
      0.9903E+00      0.0000E+00      0.0000E+00      0.3962E+01      0.2527E+00      0.8385E-05
      0.9912E+00      0.0000E+00      0.0000E+00      0.3965E+01      0.2522E+00      0.8082E-05
      0.9921E+00      0.0000E+00      0.0000E+00      0.3968E+01      0.2518E+00      0.7789E-05
      0.9930E+00      0.0000E+00      0.0000E+00      0.3972E+01      0.2513E+00      0.7507E-05
      0.9938E+00      0.0000E+00      0.0000E+00      0.3975E+01      0.2509E+00      0.7236E-05
      0.9947E+00      0.0000E+00      0.0000E+00      0.3979E+01      0.2504E+00      0.6974E-05
      0.9956E+00      0.0000E+00      0.0000E+00      0.3982E+01      0.2500E+00      0.6721E-05
      0.9965E+00      0.0000E+00      0.0000E+00      0.3986E+01      0.2496E+00      0.6478E-05
      0.9974E+00      0.0000E+00      0.0000E+00      0.3989E+01      0.2491E+00      0.6243E-05
      0.9982E+00      0.0000E+00      0.0000E+00      0.3993E+01      0.2487E+00      0.6017E-05
      0.9991E+00      0.0000E+00      0.0000E+00      0.3996E+01      0.2482E+00      0.5799E-05
      0.1000E+01      0.0000E+00      0.0000E+00      0.4000E+01      0.2478E+00      0.5589E-05
