               t          dE_tot           L_tot           N_tot
      0.0000E+00      0.0000E+00      0.0000E+00      0.0000E+00
      0.1000E+01      0.3211E-29      0.3204E-29     -0.8572E-44
      0.2000E+01      0.2640E-29      0.2642E-29      0.9501E-45
      0.3000E+01      0.3034E-29      0.3034E-29      0.1516E-45
      0.4000E+01      0.3059E-29      0.3059E-29     -0.5938E-44
      0.5000E+01      0.2298E-29      0.2294E-29     -0.6640E-44
      0.6000E+01      0.1397E-29      0.1395E-29     -0.8055E-44
      0.7000E+01     -0.3780E-30     -0.3815E-30      0.4223E-44
      0.8000E+01     -0.6770E-30     -0.6753E-30      0.1579E-44
      0.9000E+01      0.2264E-30      0.2282E-30      0.2705E-44
      0.1000E+02      0.1081E-29      0.1083E-29     -0.5687E-45
      0.1100E+02      0.1506E-29      0.1506E-29     -0.1244E-44
      0.1200E+02      0.1435E-29      0.1435E-29      0.5166E-44
      0.1300E+02      0.1413E-29      0.1414E-29     -0.5719E-44
      0.1400E+02      0.2712E-29      0.2716E-29     -0.1011E-43
      0.1500E+02      0.3706E-29      0.3708E-29     -0.1244E-43
      0.1600E+02      0.4279E-29      0.4280E-29     -0.1537E-43
      0.1700E+02      0.4929E-29      0.4932E-29     -0.2725E-43
      0.1800E+02      0.6735E-29      0.6742E-29     -0.3397E-43
      0.1900E+02      0.9822E-29      0.9832E-29     -0.6182E-43
      0.2000E+02      0.1499E-28      0.1501E-28     -0.9070E-43
      0.2100E+02      0.2284E-28      0.2286E-28     -0.1612E-42
      0.2200E+02      0.3665E-28      0.3670E-28     -0.3083E-42
      0.2300E+02      0.5938E-28      0.5945E-28     -0.5709E-42
      0.2400E+02      0.9512E-28      0.9523E-28     -0.1080E-41
      0.2500E+02      0.1521E-27      0.1523E-27     -0.2017E-41
      0.2600E+02      0.2453E-27      0.2456E-27     -0.3847E-41
      0.2700E+02      0.3974E-27      0.3978E-27     -0.7477E-41
      0.2800E+02      0.6471E-27      0.6479E-27     -0.1481E-40
      0.2900E+02      0.1059E-26      0.1060E-26     -0.2989E-40
      0.3000E+02      0.1741E-26      0.1744E-26     -0.6139E-40
      0.3100E+02      0.2872E-26      0.2876E-26     -0.1278E-39
      0.3200E+02      0.4751E-26      0.4757E-26     -0.2690E-39
      0.3300E+02      0.7880E-26      0.7890E-26     -0.5713E-39
      0.3400E+02      0.1310E-25      0.1312E-25     -0.1222E-38
      0.3500E+02      0.2184E-25      0.2186E-25     -0.2630E-38
      0.3600E+02      0.3646E-25      0.3651E-25     -0.5689E-38
      0.3700E+02      0.6101E-25      0.6109E-25     -0.1236E-37
      0.3800E+02      0.1023E-24      0.1024E-24     -0.2694E-37
      0.3900E+02      0.1718E-24      0.1720E-24     -0.5893E-37
      0.4000E+02      0.2890E-24      0.2893E-24     -0.1293E-36
      0.4100E+02      0.4869E-24      0.4875E-24     -0.2844E-36
      0.4200E+02      0.8217E-24      0.8228E-24     -0.6274E-36
      0.4300E+02      0.1389E-23      0.1391E-23     -0.1387E-35
      0.4400E+02      0.2351E-23      0.2354E-23     -0.3075E-35
      0.4500E+02      0.3985E-23      0.3990E-23     -0.6829E-35
      0.4600E+02      0.6764E-23      0.6773E-23     -0.1519E-34
      0.4700E+02      0.1150E-22      0.1151E-22     -0.3384E-34
      0.4800E+02      0.1956E-22      0.1959E-22     -0.7547E-34
      0.4900E+02      0.3333E-22      0.3338E-22     -0.1685E-33
      0.5000E+02      0.5687E-22      0.5694E-22     -0.3767E-33
      0.5100E+02      0.9712E-22      0.9725E-22     -0.8430E-33
      0.5200E+02      0.1661E-21      0.1663E-21     -0.1888E-32
      0.5300E+02      0.2843E-21      0.2847E-21     -0.4233E-32
      0.5400E+02      0.4871E-21      0.4878E-21     -0.9497E-32
      0.5500E+02      0.8355E-21      0.8367E-21     -0.2132E-31
      0.5600E+02      0.1435E-20      0.1437E-20     -0.4790E-31
      0.5700E+02      0.2466E-20      0.2469E-20     -0.1077E-30
      0.5800E+02      0.4242E-20      0.4247E-20     -0.2422E-30
      0.5900E+02      0.7303E-20      0.7313E-20     -0.5449E-30
      0.6000E+02      0.1259E-19      0.1260E-19     -0.1227E-29
      0.6100E+02      0.2171E-19      0.2174E-19     -0.2762E-29
      0.6200E+02      0.3747E-19      0.3752E-19     -0.6223E-29
      0.6300E+02      0.6474E-19      0.6483E-19     -0.1402E-28
      0.6400E+02      0.1119E-18      0.1121E-18     -0.3161E-28
      0.6500E+02      0.1936E-18      0.1939E-18     -0.7127E-28
      0.6600E+02      0.3353E-18      0.3357E-18     -0.1607E-27
      0.6700E+02      0.5809E-18      0.5817E-18     -0.3625E-27
      0.6800E+02      0.1007E-17      0.1009E-17     -0.8179E-27
      0.6900E+02      0.1747E-17      0.1750E-17     -0.1845E-26
      0.7000E+02      0.3033E-17      0.3037E-17     -0.4165E-26
      0.7100E+02      0.5269E-17      0.5276E-17     -0.9400E-26
      0.7200E+02      0.9157E-17      0.9170E-17     -0.2122E-25
      0.7300E+02      0.1592E-16      0.1595E-16     -0.4790E-25
      0.7400E+02      0.2771E-16      0.2774E-16     -0.1081E-24
      0.7500E+02      0.4823E-16      0.4830E-16     -0.2442E-24
      0.7600E+02      0.8400E-16      0.8412E-16     -0.5514E-24
      0.7700E+02      0.1464E-15      0.1466E-15     -0.1245E-23
      0.7800E+02      0.2552E-15      0.2556E-15     -0.2813E-23
      0.7900E+02      0.4451E-15      0.4457E-15     -0.6353E-23
      0.8000E+02      0.7767E-15      0.7777E-15     -0.1435E-22
      0.8100E+02      0.1356E-14      0.1358E-14     -0.3242E-22
      0.8200E+02      0.2368E-14      0.2371E-14     -0.7325E-22
      0.8300E+02      0.4136E-14      0.4142E-14     -0.1655E-21
      0.8400E+02      0.7229E-14      0.7239E-14     -0.3740E-21
      0.8500E+02      0.1264E-13      0.1266E-13     -0.8451E-21
      0.8600E+02      0.2210E-13      0.2214E-13     -0.1910E-20
      0.8700E+02      0.3867E-13      0.3873E-13     -0.4316E-20
      0.8800E+02      0.6768E-13      0.6778E-13     -0.9757E-20
      0.8900E+02      0.1185E-12      0.1187E-12     -0.2206E-19
      0.9000E+02      0.2075E-12      0.2078E-12     -0.4986E-19
      0.9100E+02      0.3635E-12      0.3640E-12     -0.1127E-18
      0.9200E+02      0.6369E-12      0.6378E-12     -0.2549E-18
      0.9300E+02      0.1116E-11      0.1118E-11     -0.5765E-18
      0.9400E+02      0.1957E-11      0.1960E-11     -0.1304E-17
      0.9500E+02      0.3432E-11      0.3436E-11     -0.2949E-17
      0.9600E+02      0.6019E-11      0.6028E-11     -0.6671E-17
      0.9700E+02      0.1056E-10      0.1058E-10     -0.1509E-16
      0.9800E+02      0.1853E-10      0.1856E-10     -0.3415E-16
      0.9900E+02      0.3253E-10      0.3257E-10     -0.7726E-16
      0.1000E+03      0.5710E-10      0.5718E-10     -0.1748E-15
      0.1010E+03      0.1003E-09      0.1004E-09     -0.3957E-15
      0.1020E+03      0.1761E-09      0.1764E-09     -0.8954E-15
      0.1030E+03      0.3094E-09      0.3098E-09     -0.2026E-14
      0.1040E+03      0.5435E-09      0.5443E-09     -0.4585E-14
      0.1050E+03      0.9551E-09      0.9565E-09     -0.1037E-13
      0.1060E+03      0.1679E-08      0.1681E-08     -0.2346E-13
      0.1070E+03      0.2950E-08      0.2955E-08     -0.5305E-13
      0.1080E+03      0.5186E-08      0.5194E-08     -0.1198E-12
      0.1090E+03      0.9117E-08      0.9130E-08     -0.2704E-12
      0.1100E+03      0.1602E-07      0.1605E-07     -0.6093E-12
      0.1110E+03      0.2815E-07      0.2819E-07     -0.1369E-11
      0.1120E+03      0.4943E-07      0.4951E-07     -0.3067E-11
      0.1130E+03      0.8668E-07      0.8681E-07     -0.6831E-11
      0.1140E+03      0.1516E-06      0.1519E-06     -0.1509E-10
      0.1150E+03      0.2642E-06      0.2646E-06     -0.3294E-10
      0.1160E+03      0.4570E-06      0.4577E-06     -0.7058E-10
      0.1170E+03      0.7813E-06      0.7825E-06     -0.1470E-09
      0.1180E+03      0.1312E-05      0.1313E-05     -0.2938E-09
      0.1190E+03      0.2143E-05      0.2146E-05     -0.5525E-09
      0.1200E+03      0.3373E-05      0.3378E-05     -0.9523E-09
      0.1210E+03      0.5072E-05      0.5078E-05     -0.1451E-08
      0.1220E+03      0.7237E-05      0.7245E-05     -0.1842E-08
      0.1230E+03      0.9785E-05      0.9794E-05     -0.1677E-08
      0.1240E+03      0.1257E-04      0.1257E-04     -0.3154E-09
      0.1250E+03      0.1537E-04      0.1537E-04      0.2931E-08
      0.1260E+03      0.1789E-04      0.1789E-04      0.8993E-08
      0.1270E+03      0.1983E-04      0.1982E-04      0.1999E-07
      0.1280E+03      0.2098E-04      0.2094E-04      0.3950E-07
      0.1290E+03      0.2139E-04      0.2132E-04      0.6767E-07
      0.1300E+03      0.2131E-04      0.2121E-04      0.9901E-07
      0.1310E+03      0.2093E-04      0.2079E-04      0.1296E-06
      0.1320E+03      0.2025E-04      0.2009E-04      0.1600E-06
      0.1330E+03      0.1919E-04      0.1900E-04      0.1914E-06
      0.1340E+03      0.1775E-04      0.1752E-04      0.2241E-06
      0.1350E+03      0.1608E-04      0.1582E-04      0.2540E-06
      0.1360E+03      0.1410E-04      0.1382E-04      0.2793E-06
      0.1370E+03      0.1191E-04      0.1161E-04      0.2919E-06
      0.1380E+03      0.9616E-05      0.9289E-05      0.3209E-06
      0.1390E+03      0.7499E-05      0.7159E-05      0.3346E-06
      0.1400E+03      0.5916E-05      0.5589E-05      0.3232E-06
      0.1410E+03      0.4957E-05      0.4656E-05      0.2992E-06
      0.1420E+03      0.4407E-05      0.4154E-05      0.2519E-06
      0.1430E+03      0.4183E-05      0.3980E-05      0.2027E-06
      0.1440E+03      0.4183E-05      0.4015E-05      0.1682E-06
      0.1450E+03      0.4306E-05      0.4159E-05      0.1478E-06
      0.1460E+03      0.4450E-05      0.4295E-05      0.1551E-06
      0.1470E+03      0.4503E-05      0.4327E-05      0.1761E-06
      0.1480E+03      0.4518E-05      0.4333E-05      0.1848E-06
      0.1490E+03      0.4392E-05      0.4220E-05      0.1722E-06
      0.1500E+03      0.4170E-05      0.3994E-05      0.1760E-06
      0.1510E+03      0.4021E-05      0.3854E-05      0.1664E-06
      0.1520E+03      0.4007E-05      0.3870E-05      0.1369E-06
      0.1530E+03      0.4173E-05      0.4056E-05      0.1183E-06
      0.1540E+03      0.4488E-05      0.4356E-05      0.1323E-06
      0.1550E+03      0.4680E-05      0.4521E-05      0.1591E-06
      0.1560E+03      0.4650E-05      0.4449E-05      0.2010E-06
      0.1570E+03      0.4537E-05      0.4288E-05      0.2492E-06
      0.1580E+03      0.4365E-05      0.4094E-05      0.2698E-06
      0.1590E+03      0.4215E-05      0.3905E-05      0.3098E-06
      0.1600E+03      0.4093E-05      0.3779E-05      0.3134E-06
      0.1610E+03      0.3937E-05      0.3626E-05      0.3111E-06
      0.1620E+03      0.3690E-05      0.3363E-05      0.3265E-06
      0.1630E+03      0.3460E-05      0.3139E-05      0.3196E-06
      0.1640E+03      0.3359E-05      0.3032E-05      0.3262E-06
      0.1650E+03      0.3387E-05      0.3031E-05      0.3568E-06
      0.1660E+03      0.3510E-05      0.3133E-05      0.3770E-06
      0.1670E+03      0.3691E-05      0.3279E-05      0.4114E-06
      0.1680E+03      0.3798E-05      0.3362E-05      0.4355E-06
      0.1690E+03      0.3846E-05      0.3404E-05      0.4415E-06
      0.1700E+03      0.3736E-05      0.3341E-05      0.3948E-06
      0.1710E+03      0.3476E-05      0.3103E-05      0.3723E-06
      0.1720E+03      0.3088E-05      0.2723E-05      0.3637E-06
      0.1730E+03      0.2728E-05      0.2369E-05      0.3589E-06
      0.1740E+03      0.2576E-05      0.2279E-05      0.2962E-06
      0.1750E+03      0.2628E-05      0.2379E-05      0.2496E-06
      0.1760E+03      0.2779E-05      0.2553E-05      0.2270E-06
      0.1770E+03      0.2926E-05      0.2718E-05      0.2076E-06
      0.1780E+03      0.3049E-05      0.2833E-05      0.2168E-06
      0.1790E+03      0.3156E-05      0.2938E-05      0.2178E-06
      0.1800E+03      0.3250E-05      0.3048E-05      0.2020E-06
      0.1810E+03      0.3226E-05      0.3040E-05      0.1858E-06
      0.1820E+03      0.3024E-05      0.2857E-05      0.1657E-06
      0.1830E+03      0.2714E-05      0.2555E-05      0.1581E-06
      0.1840E+03      0.2457E-05      0.2311E-05      0.1457E-06
      0.1850E+03      0.2306E-05      0.2169E-05      0.1366E-06
      0.1860E+03      0.2185E-05      0.2049E-05      0.1354E-06
      0.1870E+03      0.1998E-05      0.1849E-05      0.1480E-06
      0.1880E+03      0.1693E-05      0.1533E-05      0.1595E-06
      0.1890E+03      0.1441E-05      0.1272E-05      0.1685E-06
      0.1900E+03      0.1287E-05      0.1106E-05      0.1800E-06
      0.1910E+03      0.1148E-05      0.9600E-06      0.1872E-06
      0.1920E+03      0.9920E-06      0.7865E-06      0.2051E-06
      0.1930E+03      0.8684E-06      0.6402E-06      0.2278E-06
      0.1940E+03      0.8003E-06      0.5594E-06      0.2407E-06
      0.1950E+03      0.7419E-06      0.4916E-06      0.2500E-06
      0.1960E+03      0.6459E-06      0.3945E-06      0.2510E-06
      0.1970E+03      0.5348E-06      0.2850E-06      0.2493E-06
      0.1980E+03      0.4705E-06      0.2274E-06      0.2430E-06
      0.1990E+03      0.5915E-06      0.3592E-06      0.2327E-06
      0.2000E+03      0.8889E-06      0.6714E-06      0.2182E-06
      0.2010E+03      0.1234E-05      0.1021E-05      0.2140E-06
      0.2020E+03      0.1514E-05      0.1311E-05      0.2038E-06
      0.2030E+03      0.1652E-05      0.1462E-05      0.1897E-06
      0.2040E+03      0.1673E-05      0.1485E-05      0.1884E-06
      0.2050E+03      0.1629E-05      0.1441E-05      0.1886E-06
      0.2060E+03      0.1556E-05      0.1369E-05      0.1873E-06
      0.2070E+03      0.1432E-05      0.1253E-05      0.1777E-06
      0.2080E+03      0.1304E-05      0.1129E-05      0.1742E-06
      0.2090E+03      0.1203E-05      0.1029E-05      0.1737E-06
      0.2100E+03      0.1098E-05      0.9273E-06      0.1698E-06
      0.2110E+03      0.9798E-06      0.8174E-06      0.1620E-06
      0.2120E+03      0.8718E-06      0.7217E-06      0.1497E-06
      0.2130E+03      0.8037E-06      0.6677E-06      0.1358E-06
      0.2140E+03      0.7590E-06      0.6287E-06      0.1300E-06
      0.2150E+03      0.6944E-06      0.5638E-06      0.1302E-06
      0.2160E+03      0.5942E-06      0.4620E-06      0.1318E-06
      0.2170E+03      0.4748E-06      0.3409E-06      0.1335E-06
      0.2180E+03      0.3587E-06      0.2303E-06      0.1280E-06
      0.2190E+03      0.2650E-06      0.1456E-06      0.1192E-06
      0.2200E+03      0.1936E-06      0.8103E-07      0.1123E-06
      0.2210E+03      0.1324E-06      0.2362E-07      0.1086E-06
      0.2220E+03      0.1162E-06      0.1043E-07      0.1057E-06
      0.2230E+03      0.1619E-06      0.5865E-07      0.1034E-06
      0.2240E+03      0.2473E-06      0.1447E-06      0.1027E-06
      0.2250E+03      0.3367E-06      0.2321E-06      0.1047E-06
      0.2260E+03      0.4008E-06      0.2898E-06      0.1109E-06
      0.2270E+03      0.4195E-06      0.3029E-06      0.1164E-06
      0.2280E+03      0.3972E-06      0.2797E-06      0.1173E-06
      0.2290E+03      0.3575E-06      0.2456E-06      0.1116E-06
      0.2300E+03      0.3208E-06      0.2181E-06      0.1025E-06
      0.2310E+03      0.3040E-06      0.2064E-06      0.9751E-07
      0.2320E+03      0.3048E-06      0.2101E-06      0.9459E-07
      0.2330E+03      0.3273E-06      0.2359E-06      0.9135E-07
      0.2340E+03      0.3906E-06      0.3010E-06      0.8961E-07
      0.2350E+03      0.4806E-06      0.3881E-06      0.9258E-07
      0.2360E+03      0.5654E-06      0.4641E-06      0.1014E-06
      0.2370E+03      0.6323E-06      0.5228E-06      0.1096E-06
      0.2380E+03      0.6860E-06      0.5735E-06      0.1125E-06
      0.2390E+03      0.6980E-06      0.5810E-06      0.1168E-06
      0.2400E+03      0.6587E-06      0.5373E-06      0.1211E-06
      0.2410E+03      0.6150E-06      0.4877E-06      0.1271E-06
      0.2420E+03      0.5902E-06      0.4532E-06      0.1368E-06
      0.2430E+03      0.5747E-06      0.4265E-06      0.1481E-06
      0.2440E+03      0.5526E-06      0.4002E-06      0.1522E-06
      0.2450E+03      0.5424E-06      0.3875E-06      0.1548E-06
      0.2460E+03      0.5481E-06      0.3874E-06      0.1606E-06
      0.2470E+03      0.5540E-06      0.3908E-06      0.1631E-06
      0.2480E+03      0.5540E-06      0.3919E-06      0.1620E-06
      0.2490E+03      0.5396E-06      0.3788E-06      0.1607E-06
      0.2500E+03      0.5054E-06      0.3453E-06      0.1599E-06
      0.2510E+03      0.4532E-06      0.2959E-06      0.1572E-06
      0.2520E+03      0.3892E-06      0.2351E-06      0.1538E-06
      0.2530E+03      0.3192E-06      0.1684E-06      0.1506E-06
      0.2540E+03      0.2491E-06      0.1008E-06      0.1480E-06
      0.2550E+03      0.1874E-06      0.4024E-07      0.1469E-06
      0.2560E+03      0.1391E-06     -0.3886E-08      0.1428E-06
      0.2570E+03      0.1009E-06     -0.3494E-07      0.1357E-06
      0.2580E+03      0.7403E-07     -0.5237E-07      0.1262E-06
      0.2590E+03      0.7615E-07     -0.4064E-07      0.1167E-06
      0.2600E+03      0.1120E-06      0.1720E-08      0.1103E-06
      0.2610E+03      0.1684E-06      0.6485E-07      0.1036E-06
      0.2620E+03      0.2346E-06      0.1408E-06      0.9383E-07
      0.2630E+03      0.3094E-06      0.2237E-06      0.8578E-07
      0.2640E+03      0.3809E-06      0.2986E-06      0.8238E-07
      0.2650E+03      0.4354E-06      0.3524E-06      0.8294E-07
      0.2660E+03      0.4602E-06      0.3745E-06      0.8559E-07
      0.2670E+03      0.4578E-06      0.3679E-06      0.8975E-07
      0.2680E+03      0.4366E-06      0.3402E-06      0.9625E-07
      0.2690E+03      0.4023E-06      0.2988E-06      0.1032E-06
      0.2700E+03      0.3573E-06      0.2460E-06      0.1111E-06
      0.2710E+03      0.3011E-06      0.1799E-06      0.1210E-06
      0.2720E+03      0.2257E-06      0.9684E-07      0.1285E-06
      0.2730E+03      0.1403E-06      0.8463E-08      0.1315E-06
      0.2740E+03      0.6706E-07     -0.6744E-07      0.1342E-06
      0.2750E+03      0.6654E-08     -0.1331E-06      0.1395E-06
      0.2760E+03     -0.5133E-07     -0.1953E-06      0.1437E-06
      0.2770E+03     -0.1075E-06     -0.2506E-06      0.1429E-06
      0.2780E+03     -0.1494E-06     -0.2868E-06      0.1373E-06
      0.2790E+03     -0.1631E-06     -0.2918E-06      0.1286E-06
      0.2800E+03     -0.1496E-06     -0.2697E-06      0.1200E-06
      0.2810E+03     -0.1256E-06     -0.2379E-06      0.1122E-06
      0.2820E+03     -0.1096E-06     -0.2150E-06      0.1053E-06
      0.2830E+03     -0.1060E-06     -0.2054E-06      0.9927E-07
      0.2840E+03     -0.1179E-06     -0.2125E-06      0.9442E-07
      0.2850E+03     -0.1467E-06     -0.2381E-06      0.9115E-07
      0.2860E+03     -0.1897E-06     -0.2786E-06      0.8859E-07
      0.2870E+03     -0.2406E-06     -0.3262E-06      0.8529E-07
      0.2880E+03     -0.2868E-06     -0.3684E-06      0.8133E-07
      0.2890E+03     -0.3165E-06     -0.3937E-06      0.7704E-07
      0.2900E+03     -0.3253E-06     -0.3991E-06      0.7356E-07
      0.2910E+03     -0.3160E-06     -0.3871E-06      0.7095E-07
      0.2920E+03     -0.2893E-06     -0.3588E-06      0.6940E-07
      0.2930E+03     -0.2458E-06     -0.3151E-06      0.6933E-07
      0.2940E+03     -0.1925E-06     -0.2640E-06      0.7148E-07
      0.2950E+03     -0.1421E-06     -0.2167E-06      0.7459E-07
      0.2960E+03     -0.1046E-06     -0.1824E-06      0.7777E-07
      0.2970E+03     -0.8295E-07     -0.1639E-06      0.8079E-07
      0.2980E+03     -0.6793E-07     -0.1515E-06      0.8344E-07
      0.2990E+03     -0.4283E-07     -0.1284E-06      0.8554E-07
      0.3000E+03      0.3485E-08     -0.8433E-07      0.8782E-07
      0.3010E+03      0.6912E-07     -0.2096E-07      0.9011E-07
      0.3020E+03      0.1411E-06      0.5030E-07      0.9084E-07
      0.3030E+03      0.2061E-06      0.1163E-06      0.8980E-07
      0.3040E+03      0.2561E-06      0.1684E-06      0.8775E-07
      0.3050E+03      0.2860E-06      0.2007E-06      0.8517E-07
      0.3060E+03      0.2949E-06      0.2125E-06      0.8229E-07
      0.3070E+03      0.2877E-06      0.2080E-06      0.7961E-07
      0.3080E+03      0.2691E-06      0.1913E-06      0.7758E-07
      0.3090E+03      0.2418E-06      0.1653E-06      0.7632E-07
      0.3100E+03      0.2046E-06      0.1288E-06      0.7564E-07
      0.3110E+03      0.1581E-06      0.8252E-07      0.7536E-07
      0.3120E+03      0.1063E-06      0.3117E-07      0.7491E-07
      0.3130E+03      0.5401E-07     -0.2004E-07      0.7381E-07
      0.3140E+03      0.5763E-08     -0.6675E-07      0.7230E-07
      0.3150E+03     -0.3558E-07     -0.1068E-06      0.7105E-07
      0.3160E+03     -0.6955E-07     -0.1399E-06      0.7021E-07
      0.3170E+03     -0.9984E-07     -0.1697E-06      0.6964E-07
      0.3180E+03     -0.1295E-06     -0.1990E-06      0.6931E-07
      0.3190E+03     -0.1561E-06     -0.2260E-06      0.6971E-07
      0.3200E+03     -0.1727E-06     -0.2440E-06      0.7116E-07
      0.3210E+03     -0.1751E-06     -0.2484E-06      0.7326E-07
      0.3220E+03     -0.1659E-06     -0.2408E-06      0.7485E-07
      0.3230E+03     -0.1513E-06     -0.2269E-06      0.7550E-07
      0.3240E+03     -0.1380E-06     -0.2145E-06      0.7638E-07
      0.3250E+03     -0.1286E-06     -0.2062E-06      0.7755E-07
      0.3260E+03     -0.1204E-06     -0.1996E-06      0.7907E-07
      0.3270E+03     -0.1098E-06     -0.1904E-06      0.8049E-07
      0.3280E+03     -0.9493E-07     -0.1761E-06      0.8106E-07
      0.3290E+03     -0.7754E-07     -0.1586E-06      0.8095E-07
      0.3300E+03     -0.6204E-07     -0.1423E-06      0.8019E-07
      0.3310E+03     -0.5360E-07     -0.1323E-06      0.7860E-07
      0.3320E+03     -0.5629E-07     -0.1331E-06      0.7666E-07
      0.3330E+03     -0.7128E-07     -0.1461E-06      0.7466E-07
      0.3340E+03     -0.9406E-07     -0.1670E-06      0.7283E-07
      0.3350E+03     -0.1174E-06     -0.1889E-06      0.7131E-07
      0.3360E+03     -0.1386E-06     -0.2086E-06      0.6981E-07
      0.3370E+03     -0.1588E-06     -0.2275E-06      0.6857E-07
      0.3380E+03     -0.1799E-06     -0.2482E-06      0.6811E-07
      0.3390E+03     -0.2045E-06     -0.2732E-06      0.6857E-07
      0.3400E+03     -0.2325E-06     -0.3027E-06      0.7004E-07
      0.3410E+03     -0.2614E-06     -0.3338E-06      0.7216E-07
      0.3420E+03     -0.2888E-06     -0.3632E-06      0.7422E-07
      0.3430E+03     -0.3124E-06     -0.3887E-06      0.7615E-07
      0.3440E+03     -0.3305E-06     -0.4088E-06      0.7825E-07
      0.3450E+03     -0.3404E-06     -0.4209E-06      0.8041E-07
      0.3460E+03     -0.3389E-06     -0.4215E-06      0.8250E-07
      0.3470E+03     -0.3238E-06     -0.4087E-06      0.8489E-07
      0.3480E+03     -0.2958E-06     -0.3834E-06      0.8758E-07
      0.3490E+03     -0.2588E-06     -0.3489E-06      0.9017E-07
      0.3500E+03     -0.2181E-06     -0.3106E-06      0.9246E-07
      0.3510E+03     -0.1777E-06     -0.2718E-06      0.9405E-07
      0.3520E+03     -0.1371E-06     -0.2318E-06      0.9477E-07
      0.3530E+03     -0.9307E-07     -0.1881E-06      0.9501E-07
      0.3540E+03     -0.4365E-07     -0.1387E-06      0.9503E-07
      0.3550E+03      0.1009E-07     -0.8446E-07      0.9459E-07
      0.3560E+03      0.6417E-07     -0.2941E-07      0.9361E-07
      0.3570E+03      0.1143E-06      0.2188E-07      0.9245E-07
      0.3580E+03      0.1574E-06      0.6607E-07      0.9130E-07
      0.3590E+03      0.1920E-06      0.1019E-06      0.9007E-07
      0.3600E+03      0.2181E-06      0.1294E-06      0.8869E-07
      0.3610E+03      0.2367E-06      0.1493E-06      0.8731E-07
      0.3620E+03      0.2474E-06      0.1613E-06      0.8608E-07
      0.3630E+03      0.2467E-06      0.1617E-06      0.8491E-07
      0.3640E+03      0.2311E-06      0.1471E-06      0.8377E-07
      0.3650E+03      0.2013E-06      0.1183E-06      0.8283E-07
      0.3660E+03      0.1641E-06      0.8149E-07      0.8242E-07
      0.3670E+03      0.1260E-06      0.4300E-07      0.8278E-07
      0.3680E+03      0.9122E-07      0.7061E-08      0.8398E-07
      0.3690E+03      0.6285E-07     -0.2304E-07      0.8573E-07
      0.3700E+03      0.4256E-07     -0.4503E-07      0.8746E-07
      0.3710E+03      0.3092E-07     -0.5802E-07      0.8883E-07
      0.3720E+03      0.2842E-07     -0.6156E-07      0.8989E-07
      0.3730E+03      0.3490E-07     -0.5599E-07      0.9082E-07
      0.3740E+03      0.4702E-07     -0.4488E-07      0.9183E-07
      0.3750E+03      0.5996E-07     -0.3307E-07      0.9296E-07
      0.3760E+03      0.7150E-07     -0.2268E-07      0.9411E-07
      0.3770E+03      0.8160E-07     -0.1351E-07      0.9503E-07
      0.3780E+03      0.8967E-07     -0.5818E-08      0.9541E-07
      0.3790E+03      0.9534E-07      0.1549E-10      0.9524E-07
      0.3800E+03      0.9868E-07      0.3906E-08      0.9469E-07
      0.3810E+03      0.9998E-07      0.6017E-08      0.9387E-07
      0.3820E+03      0.1007E-06      0.7698E-08      0.9296E-07
      0.3830E+03      0.1051E-06      0.1284E-07      0.9221E-07
      0.3840E+03      0.1167E-06      0.2499E-07      0.9166E-07
      0.3850E+03      0.1358E-06      0.4456E-07      0.9117E-07
      0.3860E+03      0.1590E-06      0.6840E-07      0.9060E-07
      0.3870E+03      0.1813E-06      0.9146E-07      0.8976E-07
      0.3880E+03      0.1975E-06      0.1089E-06      0.8854E-07
      0.3890E+03      0.2050E-06      0.1180E-06      0.8696E-07
      0.3900E+03      0.2033E-06      0.1181E-06      0.8505E-07
      0.3910E+03      0.1942E-06      0.1113E-06      0.8281E-07
      0.3920E+03      0.1817E-06      0.1012E-06      0.8032E-07
      0.3930E+03      0.1682E-06      0.9010E-07      0.7801E-07
      0.3940E+03      0.1541E-06      0.7770E-07      0.7630E-07
      0.3950E+03      0.1400E-06      0.6459E-07      0.7531E-07
      0.3960E+03      0.1260E-06      0.5099E-07      0.7483E-07
      0.3970E+03      0.1121E-06      0.3753E-07      0.7448E-07
      0.3980E+03      0.9977E-07      0.2579E-07      0.7385E-07
      0.3990E+03      0.9073E-07      0.1768E-07      0.7293E-07
      0.4000E+03      0.8724E-07      0.1497E-07      0.7217E-07
      0.4010E+03      0.9066E-07      0.1860E-07      0.7198E-07
      0.4020E+03      0.1009E-06      0.2854E-07      0.7229E-07
      0.4030E+03      0.1167E-06      0.4384E-07      0.7282E-07
      0.4040E+03      0.1364E-06      0.6288E-07      0.7349E-07
      0.4050E+03      0.1591E-06      0.8467E-07      0.7441E-07
      0.4060E+03      0.1854E-06      0.1097E-06      0.7567E-07
      0.4070E+03      0.2157E-06      0.1385E-06      0.7718E-07
      0.4080E+03      0.2499E-06      0.1711E-06      0.7878E-07
      0.4090E+03      0.2867E-06      0.2062E-06      0.8042E-07
      0.4100E+03      0.3248E-06      0.2426E-06      0.8219E-07
      0.4110E+03      0.3626E-06      0.2785E-06      0.8415E-07
      0.4120E+03      0.3982E-06      0.3123E-06      0.8593E-07
      0.4130E+03      0.4304E-06      0.3432E-06      0.8716E-07
      0.4140E+03      0.4583E-06      0.3703E-06      0.8799E-07
      0.4150E+03      0.4810E-06      0.3923E-06      0.8858E-07
      0.4160E+03      0.4972E-06      0.4082E-06      0.8891E-07
      0.4170E+03      0.5061E-06      0.4169E-06      0.8908E-07
      0.4180E+03      0.5070E-06      0.4176E-06      0.8928E-07
      0.4190E+03      0.4998E-06      0.4101E-06      0.8951E-07
      0.4200E+03      0.4848E-06      0.3950E-06      0.8970E-07
      0.4210E+03      0.4627E-06      0.3728E-06      0.8975E-07
      0.4220E+03      0.4338E-06      0.3441E-06      0.8952E-07
      0.4230E+03      0.3989E-06      0.3098E-06      0.8889E-07
      0.4240E+03      0.3601E-06      0.2722E-06      0.8779E-07
      0.4250E+03      0.3206E-06      0.2339E-06      0.8652E-07
      0.4260E+03      0.2827E-06      0.1970E-06      0.8553E-07
      0.4270E+03      0.2468E-06      0.1617E-06      0.8486E-07
      0.4280E+03      0.2122E-06      0.1275E-06      0.8452E-07
      0.4290E+03      0.1795E-06      0.9471E-07      0.8460E-07
      0.4300E+03      0.1507E-06      0.6543E-07      0.8507E-07
      0.4310E+03      0.1276E-06      0.4163E-07      0.8576E-07
      0.4320E+03      0.1103E-06      0.2371E-07      0.8645E-07
      0.4330E+03      0.9910E-07      0.1202E-07      0.8695E-07
      0.4340E+03      0.9488E-07      0.7561E-08      0.8720E-07
      0.4350E+03      0.9842E-07      0.1100E-07      0.8732E-07
      0.4360E+03      0.1094E-06      0.2194E-07      0.8738E-07
      0.4370E+03      0.1261E-06      0.3855E-07      0.8745E-07
      0.4380E+03      0.1458E-06      0.5822E-07      0.8753E-07
      0.4390E+03      0.1657E-06      0.7813E-07      0.8748E-07
      0.4400E+03      0.1832E-06      0.9572E-07      0.8737E-07
      0.4410E+03      0.1968E-06      0.1092E-06      0.8745E-07
      0.4420E+03      0.2056E-06      0.1176E-06      0.8797E-07
      0.4430E+03      0.2098E-06      0.1209E-06      0.8883E-07
      0.4440E+03      0.2101E-06      0.1204E-06      0.8958E-07
      0.4450E+03      0.2065E-06      0.1165E-06      0.8985E-07
      0.4460E+03      0.1972E-06      0.1072E-06      0.8983E-07
      0.4470E+03      0.1797E-06      0.8966E-07      0.8987E-07
      0.4480E+03      0.1524E-06      0.6200E-07      0.9015E-07
      0.4490E+03      0.1163E-06      0.2546E-07      0.9060E-07
      0.4500E+03      0.7326E-07     -0.1765E-07      0.9068E-07
      0.4510E+03      0.2548E-07     -0.6464E-07      0.8989E-07
      0.4520E+03     -0.2231E-07     -0.1113E-06      0.8875E-07
      0.4530E+03     -0.6455E-07     -0.1527E-06      0.8792E-07
      0.4540E+03     -0.9786E-07     -0.1856E-06      0.8752E-07
      0.4550E+03     -0.1222E-06     -0.2096E-06      0.8723E-07
      0.4560E+03     -0.1392E-06     -0.2262E-06      0.8687E-07
      0.4570E+03     -0.1497E-06     -0.2362E-06      0.8639E-07
      0.4580E+03     -0.1531E-06     -0.2391E-06      0.8583E-07
      0.4590E+03     -0.1486E-06     -0.2340E-06      0.8523E-07
      0.4600E+03     -0.1360E-06     -0.2206E-06      0.8456E-07
      0.4610E+03     -0.1151E-06     -0.1989E-06      0.8377E-07
      0.4620E+03     -0.8487E-07     -0.1679E-06      0.8302E-07
      0.4630E+03     -0.4383E-07     -0.1264E-06      0.8253E-07
      0.4640E+03      0.7854E-08     -0.7442E-07      0.8230E-07
      0.4650E+03      0.6750E-07     -0.1472E-07      0.8227E-07
      0.4660E+03      0.1312E-06      0.4877E-07      0.8243E-07
      0.4670E+03      0.1952E-06      0.1124E-06      0.8283E-07
      0.4680E+03      0.2567E-06      0.1731E-06      0.8360E-07
      0.4690E+03      0.3132E-06      0.2284E-06      0.8480E-07
      0.4700E+03      0.3622E-06      0.2759E-06      0.8626E-07
      0.4710E+03      0.4011E-06      0.3135E-06      0.8756E-07
      0.4720E+03      0.4278E-06      0.3393E-06      0.8845E-07
      0.4730E+03      0.4401E-06      0.3512E-06      0.8877E-07
      0.4740E+03      0.4364E-06      0.3478E-06      0.8841E-07
      0.4750E+03      0.4166E-06      0.3289E-06      0.8756E-07
      0.4760E+03      0.3813E-06      0.2948E-06      0.8635E-07
      0.4770E+03      0.3326E-06      0.2475E-06      0.8488E-07
      0.4780E+03      0.2737E-06      0.1900E-06      0.8338E-07
      0.4790E+03      0.2079E-06      0.1256E-06      0.8201E-07
      0.4800E+03      0.1382E-06      0.5716E-07      0.8071E-07
      0.4810E+03      0.6688E-07     -0.1279E-07      0.7938E-07
      0.4820E+03     -0.3649E-08     -0.8191E-07      0.7798E-07
      0.4830E+03     -0.7104E-07     -0.1478E-06      0.7648E-07
      0.4840E+03     -0.1327E-06     -0.2078E-06      0.7485E-07
      0.4850E+03     -0.1861E-06     -0.2594E-06      0.7309E-07
      0.4860E+03     -0.2292E-06     -0.3007E-06      0.7135E-07
      0.4870E+03     -0.2609E-06     -0.3309E-06      0.6990E-07
      0.4880E+03     -0.2808E-06     -0.3499E-06      0.6892E-07
      0.4890E+03     -0.2885E-06     -0.3572E-06      0.6856E-07
      0.4900E+03     -0.2832E-06     -0.3522E-06      0.6887E-07
      0.4910E+03     -0.2645E-06     -0.3343E-06      0.6973E-07
      0.4920E+03     -0.2327E-06     -0.3037E-06      0.7096E-07
      0.4930E+03     -0.1892E-06     -0.2615E-06      0.7234E-07
      0.4940E+03     -0.1365E-06     -0.2101E-06      0.7370E-07
      0.4950E+03     -0.7734E-07     -0.1522E-06      0.7494E-07
      0.4960E+03     -0.1502E-07     -0.9102E-07      0.7605E-07
      0.4970E+03      0.4706E-07     -0.2988E-07      0.7698E-07
      0.4980E+03      0.1057E-06      0.2809E-07      0.7763E-07
      0.4990E+03      0.1582E-06      0.8028E-07      0.7792E-07
      0.5000E+03      0.2025E-06      0.1247E-06      0.7784E-07
